Name,Row,Column,Label,Long Label,Patch Size,Machine confidence 1,Machine suggestion 1,Machine confidence 2,Machine suggestion 2,Machine confidence 3,Machine suggestion 3,Machine confidence 4,Machine suggestion 4,Machine confidence 5,Machine suggestion 5
image_1.jpg,312,312,GR_ulva,green_algae_ulva,224,0.913,GR_ulva,0.085,SU_peb,0.002,KE_stipe,0.000,KE_bull,0.000,MS
image_1.jpg,690,312,GR_ulva,green_algae_ulva,224,0.946,GR_ulva,0.049,SU_peb,0.003,MS,0.001,SU_shell,0.000,SU_sand
image_1.jpg,1068,312,GR_ulva,green_algae_ulva,224,1.000,GR_ulva,0.000,KE_sugar,0.000,SU_cob,0.000,KE_5rib,0.000,KE_stipe
image_1.jpg,1447,312,SU_sand,sand_fine_shell,224,,,,,,,,,,
image_1.jpg,1825,312,GR_ulva,green_algae_ulva,224,0.993,GR_ulva,0.007,SU_peb,0.000,BR_sarg,0.000,KE_stipe,0.000,MS
image_1.jpg,2204,312,GR_ulva,green_algae_ulva,224,1.000,GR_ulva,0.000,BR_sarg,0.000,MS,0.000,KE_stipe,0.000,SU_cob
image_1.jpg,2582,312,GR_ulva,green_algae_ulva,224,1.000,GR_ulva,0.000,unknown,0.000,KE_sugar,0.000,SU_bould,0.000,SU_silt
image_1.jpg,2961,312,RE_leaf,red_algae_flat_leaf,224,,,,,,,,,,
image_1.jpg,3339,312,RE_leaf,red_algae_flat_leaf,224,,,,,,,,,,
image_1.jpg,3718,312,SU_peb,pebble,224,,,,,,,,,,
image_1.jpg,312,754,GR_ulva,green_algae_ulva,224,1.000,GR_ulva,0.000,unknown,0.000,KE_stipe,0.000,SU_cob,0.000,MS
image_1.jpg,690,754,GR_ulva,green_algae_ulva,224,1.000,GR_ulva,0.000,unknown,0.000,KE_stipe,0.000,RE_leaf,0.000,BR_sarg
image_1.jpg,1068,754,GR_ulva,green_algae_ulva,224,1.000,GR_ulva,0.000,KE_stipe,0.000,unknown,0.000,KE_sugar,0.000,KE_bull
image_1.jpg,1447,754,SU_bould,boulder,224,,,,,,,,,,
image_1.jpg,1825,754,GR_ulva,green_algae_ulva,224,1.000,GR_ulva,0.000,SU_peb,0.000,MS,0.000,BR_sarg,0.000,RE_leaf
image_1.jpg,2204,754,GR_ulva,green_algae_ulva,224,1.000,GR_ulva,0.000,KE_5rib,0.000,RE_leaf,0.000,unknown,0.000,BR_fucus
image_1.jpg,2582,754,GR_ulva,green_algae_ulva,224,1.000,GR_ulva,0.000,BR_sarg,0.000,RE_leaf,0.000,KE_5rib,0.000,unknown
image_1.jpg,2961,754,GR_ulva,green_algae_ulva,224,1.000,GR_ulva,0.000,SU_peb,0.000,BR_sarg,0.000,RE_leaf,0.000,unknown
image_1.jpg,3339,754,GR_ulva,green_algae_ulva,224,1.000,GR_ulva,0.000,MS,0.000,KE_stipe,0.000,KE_5rib,0.000,unknown
image_1.jpg,3718,754,GR_ulva,green_algae_ulva,224,0.990,GR_ulva,0.008,KE_stipe,0.001,KE_bull,0.000,MS,0.000,SU_bould
image_1.jpg,312,1196,GR_ulva,green_algae_ulva,224,1.000,GR_ulva,0.000,unknown,0.000,RE_leaf,0.000,BR_sarg,0.000,MS
image_1.jpg,690,1196,GR_ulva,green_algae_ulva,224,1.000,GR_ulva,0.000,MS,0.000,KE_stipe,0.000,RE_leaf,0.000,RE_bush
image_1.jpg,1068,1196,RE_bush,red_algae_bushy,224,1.000,RE_bush,0.000,RE_branch,0.000,MS,0.000,KE_holdfas,0.000,SU_sand
image_1.jpg,1447,1196,RE_bush,red_algae_bushy,224,1.000,RE_bush,0.000,RE_branch,0.000,RE_fil,0.000,MS,0.000,KE_holdfas
image_1.jpg,1825,1196,RE_bush,red_algae_bushy,224,1.000,RE_bush,0.000,RE_leaf,0.000,MS,0.000,BR_sarg,0.000,RE_branch
image_1.jpg,2204,1196,RE_bush,red_algae_bushy,224,1.000,RE_bush,0.000,MS,0.000,BR_sarg,0.000,GR_ulva,0.000,RE_branch
image_1.jpg,2582,1196,RE_bush,red_algae_bushy,224,1.000,RE_bush,0.000,GR_ulva,0.000,MS,0.000,RE_branch,0.000,SU_peb
image_1.jpg,2961,1196,GR_ulva,green_algae_ulva,224,0.998,GR_ulva,0.002,SU_peb,0.000,KE_stipe,0.000,BR_sarg,0.000,KE_bull
image_1.jpg,3339,1196,GR_ulva,green_algae_ulva,224,1.000,GR_ulva,0.000,KE_5rib,0.000,RE_leaf,0.000,unknown,0.000,MS
image_1.jpg,3718,1196,GR_ulva,green_algae_ulva,224,1.000,GR_ulva,0.000,RE_leaf,0.000,KE_stipe,0.000,unknown,0.000,BR_sarg
image_1.jpg,312,1639,GR_ulva,green_algae_ulva,224,1.000,GR_ulva,0.000,RE_leaf,0.000,KE_5rib,0.000,KE_bull,0.000,unknown
image_1.jpg,690,1639,GR_ulva,green_algae_ulva,224,1.000,GR_ulva,0.000,KE_5rib,0.000,RE_bush,0.000,SI_kelpBry,0.000,SI
image_1.jpg,1068,1639,RE_bush,red_algae_bushy,224,1.000,RE_bush,0.000,RE_branch,0.000,SU_silt,0.000,RE_fil,0.000,KE_sieve
image_1.jpg,1447,1639,RE_bush,red_algae_bushy,224,1.000,RE_bush,0.000,RE_branch,0.000,BR_sarg,0.000,KE_holdfas,0.000,RE_fil
image_1.jpg,1825,1639,RE_bush,red_algae_bushy,224,1.000,RE_bush,0.000,RE_branch,0.000,RE_leaf,0.000,RE_fil,0.000,MS
image_1.jpg,2204,1639,RE_bush,red_algae_bushy,224,1.000,RE_bush,0.000,RE_branch,0.000,KE_holdfas,0.000,SI,0.000,MS
image_1.jpg,2582,1639,GR_ulva,green_algae_ulva,224,1.000,GR_ulva,0.000,KE_stipe,0.000,KE_bull,0.000,RE_bush,0.000,MS
image_1.jpg,2961,1639,GR_ulva,green_algae_ulva,224,1.000,GR_ulva,0.000,BR_sarg,0.000,unknown,0.000,RE_leaf,0.000,MS
image_1.jpg,3339,1639,GR_ulva,green_algae_ulva,224,1.000,GR_ulva,0.000,KE_5rib,0.000,SU_bould,0.000,KE_bull,0.000,BR_sarg
image_1.jpg,3718,1639,RE_bush,red_algae_bushy,224,0.944,RE_bush,0.047,GR_ulva,0.005,KE_stipe,0.003,MS,0.000,RE_leaf
image_1.jpg,312,2081,SU_sand,sand_fine_shell,224,,,,,,,,,,
image_1.jpg,690,2081,SU_silt,silt,224,0.980,SU_silt,0.019,SU_sand,0.000,SU_shell,0.000,MS,0.000,RE_bush
image_1.jpg,1068,2081,RE_bush,red_algae_bushy,224,1.000,RE_bush,0.000,RE_leaf,0.000,RE_branch,0.000,SU_silt,0.000,RE_fil
image_1.jpg,1447,2081,RE_bush,red_algae_bushy,224,1.000,RE_bush,0.000,RE_branch,0.000,MS,0.000,KE_sugar,0.000,RE_leaf
image_1.jpg,1825,2081,RE_bush,red_algae_bushy,224,1.000,RE_bush,0.000,RE_branch,0.000,RE_fil,0.000,BR_sarg,0.000,RE_leaf
image_1.jpg,2204,2081,RE_bush,red_algae_bushy,224,1.000,RE_bush,0.000,MS,0.000,RE_leaf,0.000,BR_sarg,0.000,RE_branch
image_1.jpg,2582,2081,RE_bush,red_algae_bushy,224,1.000,RE_bush,0.000,MS,0.000,RE_leaf,0.000,BR_sarg,0.000,RE_fil
image_1.jpg,2961,2081,GR_ulva,green_algae_ulva,224,1.000,GR_ulva,0.000,KE_stipe,0.000,BR_fucus,0.000,KE_bull,0.000,BR_sarg
image_1.jpg,3339,2081,RE_bush,red_algae_bushy,224,1.000,RE_bush,0.000,BR_sarg,0.000,GR_ulva,0.000,MS,0.000,SU_sand
image_1.jpg,3718,2081,GR_ulva,green_algae_ulva,224,,,,,,,,,,
image_1.jpg,312,2524,GR_ulva,green_algae_ulva,224,1.000,GR_ulva,0.000,KE_5rib,0.000,RE_leaf,0.000,MS,0.000,SI
image_1.jpg,690,2524,GR_ulva,green_algae_ulva,224,1.000,GR_ulva,0.000,SU_cob,0.000,KE_stipe,0.000,SU_peb,0.000,RE_bush
image_1.jpg,1068,2524,RE_bush,red_algae_bushy,224,0.999,RE_bush,0.001,GR_ulva,0.000,MS,0.000,SU_peb,0.000,KE_stipe
image_1.jpg,1447,2524,RE_bush,red_algae_bushy,224,1.000,RE_bush,0.000,RE_leaf,0.000,KE_sugar,0.000,RE_branch,0.000,RE_fil
image_1.jpg,1825,2524,RE_bush,red_algae_bushy,224,1.000,RE_bush,0.000,MS,0.000,KE_sugar,0.000,RE_leaf,0.000,KE_stipe
image_1.jpg,2204,2524,RE_bush,red_algae_bushy,224,1.000,RE_bush,0.000,RE_branch,0.000,RE_leaf,0.000,RE_fil,0.000,MS
image_1.jpg,2582,2524,RE_bush,red_algae_bushy,224,1.000,RE_bush,0.000,RE_branch,0.000,SU_bould,0.000,RE_leaf,0.000,RE_fil
image_1.jpg,2961,2524,RE_bush,red_algae_bushy,224,1.000,RE_bush,0.000,RE_leaf,0.000,RE_branch,0.000,RE_fil,0.000,MS
image_1.jpg,3339,2524,RE_bush,red_algae_bushy,224,1.000,RE_bush,0.000,MS,0.000,GR_ulva,0.000,SU_sand,0.000,KE_stipe
image_1.jpg,3718,2524,GR_ulva,green_algae_ulva,224,1.000,GR_ulva,0.000,RE_leaf,0.000,MS,0.000,unknown,0.000,KE_sugar
image_1.jpg,312,2966,GR_ulva,green_algae_ulva,224,1.000,GR_ulva,0.000,KE_sugar,0.000,SU_peb,0.000,MS,0.000,KE_sieve
image_1.jpg,690,2966,SU_sand,sand_fine_shell,224,,,,,,,,,,
image_1.jpg,1068,2966,RE_bush,red_algae_bushy,224,,,,,,,,,,
image_1.jpg,1447,2966,GR_ulva,green_algae_ulva,224,1.000,GR_ulva,0.000,KE_5rib,0.000,unknown,0.000,RE_leaf,0.000,SU_bould
image_1.jpg,1825,2966,GR_ulva,green_algae_ulva,224,1.000,GR_ulva,0.000,MS,0.000,RE_leaf,0.000,BR_sarg,0.000,KE_bull
image_1.jpg,2204,2966,GR_ulva,green_algae_ulva,224,0.917,GR_ulva,0.082,KE_stipe,0.001,RE_bush,0.000,KE_bull,0.000,MS
image_1.jpg,2582,2966,RE_bush,red_algae_bushy,224,1.000,RE_bush,0.000,RE_leaf,0.000,MS,0.000,RE_fil,0.000,RE_branch
image_1.jpg,2961,2966,RE_bush,red_algae_bushy,224,1.000,RE_bush,0.000,MS,0.000,RE_leaf,0.000,KE_stipe,0.000,KE_holdfas
image_1.jpg,3339,2966,GR_ulva,green_algae_ulva,224,1.000,GR_ulva,0.000,RE_leaf,0.000,KE_bull,0.000,BR_sarg,0.000,KE_sieve
image_1.jpg,3718,2966,GR_ulva,green_algae_ulva,224,0.950,GR_ulva,0.031,KE_bull,0.012,KE_stipe,0.007,MS,0.000,RE_leaf
image_1.jpg,312,3409,KE_sugar,kelp_sugar,224,,,,,,,,,,
image_1.jpg,690,3409,SU_silt,silt,224,0.920,SU_silt,0.038,GR_ulva,0.037,SU_cob,0.004,MS,0.001,SU_peb
image_1.jpg,1068,3409,GR_ulva,green_algae_ulva,224,1.000,GR_ulva,0.000,KE_stipe,0.000,KE_bull,0.000,KE_5rib,0.000,SI
image_1.jpg,1447,3409,GR_ulva,green_algae_ulva,224,1.000,GR_ulva,0.000,RE_leaf,0.000,KE_5rib,0.000,unknown,0.000,KE_sugar
image_1.jpg,1825,3409,GR_ulva,green_algae_ulva,224,1.000,GR_ulva,0.000,KE_bull,0.000,BR_sarg,0.000,KE_stipe,0.000,SU_peb
image_1.jpg,2204,3409,RE_leaf,red_algae_flat_leaf,224,,,,,,,,,,
image_1.jpg,2582,3409,RE_leaf,red_algae_flat_leaf,224,,,,,,,,,,
image_1.jpg,2961,3409,RE_leaf,red_algae_flat_leaf,224,,,,,,,,,,
image_1.jpg,3339,3409,RE_leaf,red_algae_flat_leaf,224,,,,,,,,,,
image_1.jpg,3718,3409,SU_silt,silt,224,,,,,,,,,,
image_1.jpg,312,3851,SU_silt,silt,224,,,,,,,,,,
image_1.jpg,690,3851,SU_silt,silt,224,0.980,SU_silt,0.011,SU_shell,0.010,SU_sand,0.000,MS,0.000,SU_peb
image_1.jpg,1068,3851,GR_ulva,green_algae_ulva,224,1.000,GR_ulva,0.000,BR_sarg,0.000,RE_leaf,0.000,KE_bull,0.000,KE_holdfas
image_1.jpg,1447,3851,GR_ulva,green_algae_ulva,224,1.000,GR_ulva,0.000,SU_peb,0.000,MS,0.000,KE_stipe,0.000,KE_bull
image_1.jpg,1825,3851,GR_ulva,green_algae_ulva,224,1.000,GR_ulva,0.000,KE_sieve,0.000,KE_bull,0.000,unknown,0.000,KE_sugar
image_1.jpg,2204,3851,GR_ulva,green_algae_ulva,224,0.995,GR_ulva,0.005,SU_bould,0.000,unknown,0.000,KE_sieve,0.000,KE_bull
image_1.jpg,2582,3851,GR_ulva,green_algae_ulva,224,,,,,,,,,,
image_1.jpg,2961,3851,RE_leaf,red_algae_flat_leaf,224,,,,,,,,,,
image_1.jpg,3339,3851,SU_silt,silt,224,1.000,SU_silt,0.000,SU_sand,0.000,SU_shell,0.000,SU_peb,0.000,KE_stipe
image_1.jpg,3718,3851,SU_silt,silt,224,0.998,SU_silt,0.002,SU_shell,0.000,MS,0.000,SU_sand,0.000,SU_cob
image_1.jpg,312,4294,KE_sugar,kelp_sugar,224,0.945,KE_sugar,0.035,RE_leaf,0.018,RE_bush,0.001,SU_silt,0.000,KE_5rib
image_1.jpg,690,4294,KE_sugar,kelp_sugar,224,,,,,,,,,,
image_1.jpg,1068,4294,GR_ulva,green_algae_ulva,224,1.000,GR_ulva,0.000,KE_stipe,0.000,SU_peb,0.000,SU_bould,0.000,MS
image_1.jpg,1447,4294,GR_ulva,green_algae_ulva,224,1.000,GR_ulva,0.000,KE_stipe,0.000,unknown,0.000,KE_5rib,0.000,KE_sugar
image_1.jpg,1825,4294,GR_ulva,green_algae_ulva,224,,,,,,,,,,
image_1.jpg,2204,4294,RE_leaf,red_algae_flat_leaf,224,,,,,,,,,,
image_1.jpg,2582,4294,RE_leaf,red_algae_flat_leaf,224,0.999,RE_leaf,0.001,KE_sugar,0.001,KE_5rib,0.000,unknown,0.000,RE_fil
image_1.jpg,2961,4294,RE_leaf,red_algae_flat_leaf,224,,,,,,,,,,
image_1.jpg,3339,4294,GR_ulva,green_algae_ulva,224,0.999,GR_ulva,0.001,unknown,0.000,KE_5rib,0.000,KE_sugar,0.000,RE_leaf
image_1.jpg,3718,4294,GR_ulva,green_algae_ulva,224,0.989,GR_ulva,0.010,KE_sieve,0.001,unknown,0.000,KE_5rib,0.000,KE_stipe
image_2.jpg,312,312,KE_sugar,kelp_sugar,224,0.999,KE_sugar,0.001,RE_leaf,0.000,KE_sieve,0.000,MS,0.000,GR_ulva
image_2.jpg,690,312,KE_sugar,kelp_sugar,224,1.000,KE_sugar,0.000,RE_leaf,0.000,KE_5rib,0.000,GR_ulva,0.000,MS
image_2.jpg,1068,312,KE_sugar,kelp_sugar,224,,,,,,,,,,
image_2.jpg,1447,312,KE_sugar,kelp_sugar,224,,,,,,,,,,
image_2.jpg,1825,312,SU_bould,boulder,224,,,,,,,,,,
image_2.jpg,2204,312,KE_sugar,kelp_sugar,224,1.000,KE_sugar,0.000,GR_ulva,0.000,KE_sieve,0.000,unknown,0.000,KE_5rib
image_2.jpg,2582,312,KE_sugar,kelp_sugar,224,0.992,KE_sugar,0.005,GR_ulva,0.002,unknown,0.001,KE_sieve,0.000,MS
image_2.jpg,2961,312,KE_sugar,kelp_sugar,224,0.517,KE_sugar,0.290,RE_leaf,0.175,KE_5rib,0.006,MS,0.005,KE_sieve
image_2.jpg,3339,312,KE_sugar,kelp_sugar,224,,,,,,,,,,
image_2.jpg,3718,312,unknown,unknown_area,224,,,,,,,,,,
image_2.jpg,312,754,KE_sugar,kelp_sugar,224,,,,,,,,,,
image_2.jpg,690,754,KE_sugar,kelp_sugar,224,0.557,KE_sugar,0.414,SU_silt,0.015,RE_leaf,0.012,SI_kelpBry,0.000,KE_holdfas
image_2.jpg,1068,754,KE_sugar,kelp_sugar,224,1.000,KE_sugar,0.000,KE_5rib,0.000,KE_stipe,0.000,GR_ulva,0.000,KE_sieve
image_2.jpg,1447,754,KE_sugar,kelp_sugar,224,0.992,KE_sugar,0.008,KE_5rib,0.000,RE_leaf,0.000,GR_ulva,0.000,KE_sieve
image_2.jpg,1825,754,GR_ulva,green_algae_ulva,224,0.996,GR_ulva,0.002,KE_stipe,0.002,KE_sieve,0.000,BR_fucus,0.000,RE_bush
image_2.jpg,2204,754,KE_sugar,kelp_sugar,224,,,,,,,,,,
image_2.jpg,2582,754,KE_sugar,kelp_sugar,224,0.692,KE_sugar,0.225,GR_ulva,0.082,KE_5rib,0.001,unknown,0.000,RE_leaf
image_2.jpg,2961,754,KE_sugar,kelp_sugar,224,0.644,KE_sugar,0.341,KE_5rib,0.010,GR_ulva,0.004,MS,0.001,KE_sieve
image_2.jpg,3339,754,KE_sugar,kelp_sugar,224,,,,,,,,,,
image_2.jpg,3718,754,GR_ulva,green_algae_ulva,224,,,,,,,,,,
image_2.jpg,312,1196,KE_sugar,kelp_sugar,224,,,,,,,,,,
image_2.jpg,690,1196,GR_ulva,green_algae_ulva,224,1.000,GR_ulva,0.000,unknown,0.000,KE_sieve,0.000,KE_5rib,0.000,KE_stipe
image_2.jpg,1068,1196,KE_sugar,kelp_sugar,224,,,,,,,,,,
image_2.jpg,1447,1196,GR_ulva,green_algae_ulva,224,1.000,GR_ulva,0.000,KE_stipe,0.000,KE_holdfas,0.000,MS,0.000,SU_bould
image_2.jpg,1825,1196,GR_ulva,green_algae_ulva,224,0.990,GR_ulva,0.009,RE_leaf,0.001,KE_5rib,0.000,KE_sugar,0.000,KE_stipe
image_2.jpg,2204,1196,KE_sugar,kelp_sugar,224,,,,,,,,,,
image_2.jpg,2582,1196,KE_sugar,kelp_sugar,224,0.906,KE_sugar,0.092,KE_sieve,0.001,KE_5rib,0.000,GR_ulva,0.000,SI_kelpBry
image_2.jpg,2961,1196,KE_sugar,kelp_sugar,224,0.846,KE_sugar,0.153,KE_5rib,0.000,MS,0.000,RE_leaf,0.000,KE_sieve
image_2.jpg,3339,1196,MS,mobile_species,224,,,,,,,,,,
image_2.jpg,3718,1196,GR_ulva,green_algae_ulva,224,0.981,GR_ulva,0.017,SU_bould,0.001,MS,0.001,KE_stipe,0.000,RE_leaf
image_2.jpg,312,1639,SU_bould,boulder,224,,,,,,,,,,
image_2.jpg,690,1639,GR_ulva,green_algae_ulva,224,1.000,GR_ulva,0.000,KE_sieve,0.000,KE_stipe,0.000,BR_sarg,0.000,KE_bull
image_2.jpg,1068,1639,KE_sugar,kelp_sugar,224,0.877,KE_sugar,0.070,KE_5rib,0.039,RE_fil,0.010,GR_ulva,0.002,MS
image_2.jpg,1447,1639,KE_sugar,kelp_sugar,224,0.520,KE_sugar,0.344,RE_leaf,0.103,MS,0.018,KE_5rib,0.008,KE_sieve
image_2.jpg,1825,1639,GR_ulva,green_algae_ulva,224,0.726,GR_ulva,0.192,RE_leaf,0.048,KE_bull,0.027,KE_5rib,0.005,KE_sugar
image_2.jpg,2204,1639,KE_sugar,kelp_sugar,224,,,,,,,,,,
image_2.jpg,2582,1639,SU_peb,pebble,224,0.574,SU_peb,0.417,KE_sugar,0.007,KE_bull,0.001,KE_5rib,0.000,SU_shell
image_2.jpg,2961,1639,KE_sugar,kelp_sugar,224,,,,,,,,,,
image_2.jpg,3339,1639,SU_bould,boulder,224,0.865,SU_bould,0.057,MS,0.043,SU_sand,0.016,KE_sugar,0.008,RE_leaf
image_2.jpg,3718,1639,RE_branch,red_algae_branching,224,,,,,,,,,,
image_2.jpg,312,2081,KE_sugar,kelp_sugar,224,,,,,,,,,,
image_2.jpg,690,2081,GR_ulva,green_algae_ulva,224,,,,,,,,,,
image_2.jpg,1068,2081,KE_sugar,kelp_sugar,224,0.981,KE_sugar,0.009,KE_sieve,0.005,GR_ulva,0.004,KE_5rib,0.001,KE_stipe
image_2.jpg,1447,2081,KE_sugar,kelp_sugar,224,0.992,KE_sugar,0.003,KE_sieve,0.003,KE_5rib,0.001,GR_ulva,0.000,MS
image_2.jpg,1825,2081,KE_sugar,kelp_sugar,224,0.996,KE_sugar,0.003,KE_5rib,0.000,RE_leaf,0.000,KE_sieve,0.000,unknown
image_2.jpg,2204,2081,KE_holdfas,kelp_holdfast,224,1.000,KE_holdfas,0.000,SU_cob,0.000,KE_stipe,0.000,BR_sarg,0.000,SU_bould
image_2.jpg,2582,2081,KE_sugar,kelp_sugar,224,0.993,KE_sugar,0.003,KE_sieve,0.002,RE_leaf,0.002,KE_5rib,0.000,GR_ulva
image_2.jpg,2961,2081,KE_sugar,kelp_sugar,224,0.999,KE_sugar,0.000,unknown,0.000,RE_leaf,0.000,GR_ulva,0.000,KE_5rib
image_2.jpg,3339,2081,KE_sugar,kelp_sugar,224,0.997,KE_sugar,0.003,KE_5rib,0.000,RE_leaf,0.000,SU_bould,0.000,GR_ulva
image_2.jpg,3718,2081,RE_branch,red_algae_branching,224,,,,,,,,,,
image_2.jpg,312,2524,KE_sugar,kelp_sugar,224,0.999,KE_sugar,0.000,KE_sieve,0.000,BR_sarg,0.000,SU_peb,0.000,GR_ulva
image_2.jpg,690,2524,SU_peb,pebble,224,,,,,,,,,,
image_2.jpg,1068,2524,KE_sugar,kelp_sugar,224,,,,,,,,,,
image_2.jpg,1447,2524,KE_sugar,kelp_sugar,224,0.992,KE_sugar,0.008,KE_5rib,0.000,RE_leaf,0.000,GR_ulva,0.000,KE_sieve
image_2.jpg,1825,2524,SU_bould,boulder,224,,,,,,,,,,
image_2.jpg,2204,2524,SU_cob,cobble,224,,,,,,,,,,
image_2.jpg,2582,2524,GR_ulva,green_algae_ulva,224,1.000,GR_ulva,0.000,KE_bull,0.000,BR_fucus,0.000,BR_sarg,0.000,KE_stipe
image_2.jpg,2961,2524,GR_ulva,green_algae_ulva,224,0.910,GR_ulva,0.070,BR_fucus,0.006,MS,0.006,RE_leaf,0.005,KE_bull
image_2.jpg,3339,2524,KE_sugar,kelp_sugar,224,0.935,KE_sugar,0.058,KE_5rib,0.003,KE_stipe,0.002,KE_sieve,0.001,MS
image_2.jpg,3718,2524,KE_sugar,kelp_sugar,224,0.825,KE_sugar,0.110,KE_5rib,0.057,RE_leaf,0.003,KE_sieve,0.002,RE_fil
image_2.jpg,312,2966,KE_sugar,kelp_sugar,224,,,,,,,,,,
image_2.jpg,690,2966,SU_peb,pebble,224,0.894,SU_peb,0.068,SU_cob,0.020,SU_sand,0.007,SU_bould,0.006,MS
image_2.jpg,1068,2966,SU_peb,pebble,224,0.990,SU_peb,0.002,SU_sand,0.002,SU_cob,0.002,KE_stipe,0.001,SU_shell
image_2.jpg,1447,2966,KE_sugar,kelp_sugar,224,,,,,,,,,,
image_2.jpg,1825,2966,KE_sugar,kelp_sugar,224,1.000,KE_sugar,0.000,KE_5rib,0.000,GR_ulva,0.000,KE_sieve,0.000,RE_leaf
image_2.jpg,2204,2966,KE_sugar,kelp_sugar,224,0.974,KE_sugar,0.012,BR_fucus,0.011,KE_sieve,0.001,SI_kelpBry,0.001,KE_bull
image_2.jpg,2582,2966,KE_sugar,kelp_sugar,224,,,,,,,,,,
image_2.jpg,2961,2966,KE_sugar,kelp_sugar,224,,,,,,,,,,
image_2.jpg,3339,2966,KE_sugar,kelp_sugar,224,0.744,KE_sugar,0.251,KE_sieve,0.003,SU_bould,0.002,KE_5rib,0.000,GR_ulva
image_2.jpg,3718,2966,KE_sugar,kelp_sugar,224,0.921,KE_sugar,0.079,KE_sieve,0.000,KE_5rib,0.000,GR_ulva,0.000,KE_stipe
image_2.jpg,312,3409,unknown,unknown_area,224,,,,,,,,,,
image_2.jpg,690,3409,SU_peb,pebble,224,0.996,SU_peb,0.003,SU_cob,0.001,KE_stipe,0.000,RE_bush,0.000,MS
image_2.jpg,1068,3409,SU_peb,pebble,224,0.939,SU_peb,0.030,SU_cob,0.021,SU_bould,0.010,KE_stipe,0.000,SU_sand
image_2.jpg,1447,3409,SU_peb,pebble,224,0.658,SU_peb,0.103,KE_stipe,0.083,MS,0.042,SU_sand,0.035,RE_branch
image_2.jpg,1825,3409,KE_sugar,kelp_sugar,224,0.809,KE_sugar,0.186,GR_ulva,0.003,RE_leaf,0.001,KE_sieve,0.000,KE_bull
image_2.jpg,2204,3409,KE_sugar,kelp_sugar,224,1.000,KE_sugar,0.000,GR_ulva,0.000,RE_leaf,0.000,KE_5rib,0.000,KE_sieve
image_2.jpg,2582,3409,KE_sugar,kelp_sugar,224,0.603,KE_sugar,0.397,KE_5rib,0.000,MS,0.000,GR_ulva,0.000,SU_silt
image_2.jpg,2961,3409,KE_sugar,kelp_sugar,224,0.971,KE_sugar,0.026,KE_5rib,0.001,MS,0.001,KE_sieve,0.000,RE_leaf
image_2.jpg,3339,3409,KE_sugar,kelp_sugar,224,0.998,KE_sugar,0.002,RE_leaf,0.000,SI_kelpBry,0.000,KE_sieve,0.000,MS
image_2.jpg,3718,3409,KE_sugar,kelp_sugar,224,0.926,KE_sugar,0.032,KE_sieve,0.031,KE_5rib,0.009,MS,0.001,RE_leaf
image_2.jpg,312,3851,KE_sugar,kelp_sugar,224,0.993,KE_sugar,0.007,KE_5rib,0.000,SU_cob,0.000,SU_bould,0.000,BR_fucus
image_2.jpg,690,3851,SU_peb,pebble,224,0.986,SU_peb,0.012,SU_cob,0.001,SU_bould,0.001,KE_stipe,0.000,SU_shell
image_2.jpg,1068,3851,KE_sugar,kelp_sugar,224,0.983,KE_sugar,0.010,RE_leaf,0.005,KE_5rib,0.001,MS,0.000,RE_CCA
image_2.jpg,1447,3851,KE_sugar,kelp_sugar,224,0.996,KE_sugar,0.003,KE_5rib,0.000,SU_peb,0.000,SU_cob,0.000,MS
image_2.jpg,1825,3851,GR_ulva,green_algae_ulva,224,,,,,,,,,,
image_2.jpg,2204,3851,GR_ulva,green_algae_ulva,224,,,,,,,,,,
image_2.jpg,2582,3851,KE_sugar,kelp_sugar,224,0.994,KE_sugar,0.005,KE_5rib,0.000,KE_sieve,0.000,SU_cob,0.000,SU_silt
image_2.jpg,2961,3851,KE_sugar,kelp_sugar,224,0.943,KE_sugar,0.044,KE_5rib,0.006,RE_leaf,0.003,GR_ulva,0.002,KE_sieve
image_2.jpg,3339,3851,KE_sugar,kelp_sugar,224,0.986,KE_sugar,0.007,KE_5rib,0.006,RE_leaf,0.000,MS,0.000,KE_sieve
image_2.jpg,3718,3851,GR_ulva,green_algae_ulva,224,1.000,GR_ulva,0.000,MS,0.000,KE_stipe,0.000,BR_sarg,0.000,unknown
image_2.jpg,312,4294,KE_sugar,kelp_sugar,224,,,,,,,,,,
image_2.jpg,690,4294,RE_bush,red_algae_bushy,224,1.000,RE_bush,0.000,RE_branch,0.000,BR_sarg,0.000,RE_leaf,0.000,MS
image_2.jpg,1068,4294,KE_sugar,kelp_sugar,224,0.709,KE_sugar,0.260,KE_5rib,0.029,RE_bush,0.001,SU_bould,0.000,RE_branch
image_2.jpg,1447,4294,unknown,unknown_area,224,,,,,,,,,,
image_2.jpg,1825,4294,SU_bould,boulder,224,0.688,SU_bould,0.257,SU_sand,0.042,SU_cob,0.012,SU_peb,0.000,RE_branch
image_2.jpg,2204,4294,SU_bould,boulder,224,,,,,,,,,,
image_2.jpg,2582,4294,KE_sugar,kelp_sugar,224,0.999,KE_sugar,0.001,RE_leaf,0.000,KE_5rib,0.000,MS,0.000,RE_fil
image_2.jpg,2961,4294,KE_sugar,kelp_sugar,224,1.000,KE_sugar,0.000,SI_kelpBry,0.000,SU_bould,0.000,BR_fucus,0.000,KE_5rib
image_2.jpg,3339,4294,GR_ulva,green_algae_ulva,224,,,,,,,,,,
image_2.jpg,3718,4294,GR_ulva,green_algae_ulva,224,1.000,GR_ulva,0.000,KE_sieve,0.000,BR_fucus,0.000,BR_sarg,0.000,KE_stipe
image_3.jpg,312,312,GR_ulva,green_algae_ulva,224,0.998,GR_ulva,0.002,unknown,0.000,KE_stipe,0.000,BR_fucus,0.000,RE_leaf
image_3.jpg,690,312,GR_ulva,green_algae_ulva,224,1.000,GR_ulva,0.000,unknown,0.000,MS,0.000,RE_leaf,0.000,SI
image_3.jpg,1068,312,GR_ulva,green_algae_ulva,224,1.000,GR_ulva,0.000,unknown,0.000,SU_peb,0.000,KE_stipe,0.000,SU_cob
image_3.jpg,1447,312,SU_peb,pebble,224,,,,,,,,,,
image_3.jpg,1825,312,GR_ulva,green_algae_ulva,224,1.000,GR_ulva,0.000,unknown,0.000,MS,0.000,SI,0.000,KE_holdfas
image_3.jpg,2204,312,GR_ulva,green_algae_ulva,224,1.000,GR_ulva,0.000,SI,0.000,KE_5rib,0.000,MS,0.000,SU_cob
image_3.jpg,2582,312,RE_leaf,red_algae_flat_leaf,224,0.998,RE_leaf,0.002,RE_fil,0.000,SU_cob,0.000,RE_CCA,0.000,KE_5rib
image_3.jpg,2961,312,GR_ulva,green_algae_ulva,224,,,,,,,,,,
image_3.jpg,3339,312,GR_ulva,green_algae_ulva,224,0.998,GR_ulva,0.002,unknown,0.000,SI,0.000,MS,0.000,RE_leaf
image_3.jpg,3718,312,GR_ulva,green_algae_ulva,224,0.996,GR_ulva,0.004,unknown,0.000,SU_bould,0.000,BR_sarg,0.000,MS
image_3.jpg,312,754,GR_ulva,green_algae_ulva,224,0.879,GR_ulva,0.120,unknown,0.001,SU_silt,0.000,KE_stipe,0.000,KE_5rib
image_3.jpg,690,754,GR_ulva,green_algae_ulva,224,1.000,GR_ulva,0.000,SU_peb,0.000,unknown,0.000,BR_sarg,0.000,MS
image_3.jpg,1068,754,SU_sand,sand_fine_shell,224,0.999,SU_sand,0.001,SU_silt,0.000,SU_cob,0.000,RE_CCA,0.000,SI_kelpBry
image_3.jpg,1447,754,SU_peb,pebble,224,,,,,,,,,,
image_3.jpg,1825,754,GR_ulva,green_algae_ulva,224,0.993,GR_ulva,0.006,unknown,0.000,RE_leaf,0.000,SI,0.000,SI_kelpBry
image_3.jpg,2204,754,GR_ulva,green_algae_ulva,224,1.000,GR_ulva,0.000,KE_stipe,0.000,RE_leaf,0.000,KE_bull,0.000,SU_peb
image_3.jpg,2582,754,SU_peb,pebble,224,,,,,,,,,,
image_3.jpg,2961,754,GR_ulva,green_algae_ulva,224,1.000,GR_ulva,0.000,unknown,0.000,SU_cob,0.000,KE_sugar,0.000,RE_leaf
image_3.jpg,3339,754,GR_ulva,green_algae_ulva,224,0.999,GR_ulva,0.001,unknown,0.000,MS,0.000,RE_leaf,0.000,KE_stipe
image_3.jpg,3718,754,GR_ulva,green_algae_ulva,224,1.000,GR_ulva,0.000,KE_stipe,0.000,unknown,0.000,MS,0.000,RE_bush
image_3.jpg,312,1196,GR_ulva,green_algae_ulva,224,1.000,GR_ulva,0.000,unknown,0.000,KE_sieve,0.000,BR_sarg,0.000,KE_stipe
image_3.jpg,690,1196,GR_ulva,green_algae_ulva,224,1.000,GR_ulva,0.000,KE_5rib,0.000,unknown,0.000,KE_stipe,0.000,KE_sieve
image_3.jpg,1068,1196,GR_ulva,green_algae_ulva,224,1.000,GR_ulva,0.000,RE_leaf,0.000,unknown,0.000,KE_sugar,0.000,KE_5rib
image_3.jpg,1447,1196,GR_ulva,green_algae_ulva,224,1.000,GR_ulva,0.000,KE_5rib,0.000,MS,0.000,unknown,0.000,SU_bould
image_3.jpg,1825,1196,GR_ulva,green_algae_ulva,224,1.000,GR_ulva,0.000,SU_peb,0.000,KE_sugar,0.000,SI_kelpBry,0.000,KE_stipe
image_3.jpg,2204,1196,GR_ulva,green_algae_ulva,224,0.995,GR_ulva,0.004,SU_silt,0.000,SU_peb,0.000,SU_cob,0.000,SU_bould
image_3.jpg,2582,1196,SU_sand,sand_fine_shell,224,0.996,SU_sand,0.004,SU_silt,0.000,SU_shell,0.000,SU_cob,0.000,SU_bould
image_3.jpg,2961,1196,GR_ulva,green_algae_ulva,224,0.969,GR_ulva,0.020,MS,0.011,SU_peb,0.000,SU_sand,0.000,SU_shell
image_3.jpg,3339,1196,SU_silt,silt,224,,,,,,,,,,
image_3.jpg,3718,1196,KE_5rib,kelp_five_rib,224,,,,,,,,,,
image_3.jpg,312,1639,RE_bush,red_algae_bushy,224,1.000,RE_bush,0.000,SU_sand,0.000,RE_branch,0.000,SU_peb,0.000,BR_sarg
image_3.jpg,690,1639,GR_ulva,green_algae_ulva,224,0.896,GR_ulva,0.049,SU_peb,0.045,KE_stipe,0.006,KE_bull,0.002,SU_shell
image_3.jpg,1068,1639,GR_ulva,green_algae_ulva,224,1.000,GR_ulva,0.000,SU_peb,0.000,KE_stipe,0.000,MS,0.000,SU_cob
image_3.jpg,1447,1639,GR_ulva,green_algae_ulva,224,1.000,GR_ulva,0.000,RE_leaf,0.000,BR_sarg,0.000,MS,0.000,KE_stipe
image_3.jpg,1825,1639,SU_peb,pebble,224,,,,,,,,,,
image_3.jpg,2204,1639,RE_bush,red_algae_bushy,224,1.000,RE_bush,0.000,MS,0.000,SU_peb,0.000,RE_branch,0.000,SU_silt
image_3.jpg,2582,1639,KE_5rib,kelp_five_rib,224,,,,,,,,,,
image_3.jpg,2961,1639,KE_5rib,kelp_five_rib,224,1.000,KE_5rib,0.000,KE_sieve,0.000,KE_sugar,0.000,RE_leaf,0.000,GR_ulva
image_3.jpg,3339,1639,KE_5rib,kelp_five_rib,224,1.000,KE_5rib,0.000,KE_sieve,0.000,BR_sarg,0.000,KE_holdfas,0.000,RE_fil
image_3.jpg,3718,1639,KE_5rib,kelp_five_rib,224,,,,,,,,,,
image_3.jpg,312,2081,RE_bush,red_algae_bushy,224,0.984,RE_bush,0.016,SU_silt,0.000,SU_sand,0.000,RE_branch,0.000,MS
image_3.jpg,690,2081,GR_ulva,green_algae_ulva,224,,,,,,,,,,
image_3.jpg,1068,2081,GR_ulva,green_algae_ulva,224,1.000,GR_ulva,0.000,RE_CCA,0.000,KE_bull,0.000,MS,0.000,BR_fucus
image_3.jpg,1447,2081,SU_sand,sand_fine_shell,224,,,,,,,,,,
image_3.jpg,1825,2081,SU_peb,pebble,224,,,,,,,,,,
image_3.jpg,2204,2081,KE_5rib,kelp_five_rib,224,1.000,KE_5rib,0.000,KE_sugar,0.000,KE_bull,0.000,RE_leaf,0.000,RE_fil
image_3.jpg,2582,2081,KE_5rib,kelp_five_rib,224,1.000,KE_5rib,0.000,KE_sieve,0.000,KE_stipe,0.000,RE_leaf,0.000,GR_ulva
image_3.jpg,2961,2081,KE_5rib,kelp_five_rib,224,0.998,KE_5rib,0.001,KE_sieve,0.000,KE_sugar,0.000,RE_leaf,0.000,GR_ulva
image_3.jpg,3339,2081,GR_ulva,green_algae_ulva,224,0.980,GR_ulva,0.008,RE_leaf,0.008,KE_bull,0.002,BR_sarg,0.001,KE_5rib
image_3.jpg,3718,2081,RE_fil,red_algae_filamentous,224,,,,,,,,,,
image_3.jpg,312,2524,GR_ulva,green_algae_ulva,224,1.000,GR_ulva,0.000,SU_cob,0.000,SU_peb,0.000,SU_shell,0.000,KE_stipe
image_3.jpg,690,2524,GR_ulva,green_algae_ulva,224,1.000,GR_ulva,0.000,KE_stipe,0.000,SU_peb,0.000,KE_bull,0.000,BR_sarg
image_3.jpg,1068,2524,GR_ulva,green_algae_ulva,224,1.000,GR_ulva,0.000,SU_cob,0.000,RE_leaf,0.000,SI_kelpBry,0.000,SI
image_3.jpg,1447,2524,RE_bush,red_algae_bushy,224,1.000,RE_bush,0.000,RE_branch,0.000,SI,0.000,SU_peb,0.000,SU_sand
image_3.jpg,1825,2524,KE_5rib,kelp_five_rib,224,,,,,,,,,,
image_3.jpg,2204,2524,KE_5rib,kelp_five_rib,224,1.000,KE_5rib,0.000,KE_sugar,0.000,RE_leaf,0.000,RE_fil,0.000,GR_ulva
image_3.jpg,2582,2524,KE_5rib,kelp_five_rib,224,0.995,KE_5rib,0.002,RE_leaf,0.002,RE_fil,0.001,KE_sugar,0.001,GR_ulva
image_3.jpg,2961,2524,GR_ulva,green_algae_ulva,224,1.000,GR_ulva,0.000,BR_sarg,0.000,KE_bull,0.000,MS,0.000,KE_stipe
image_3.jpg,3339,2524,GR_ulva,green_algae_ulva,224,1.000,GR_ulva,0.000,RE_leaf,0.000,KE_5rib,0.000,KE_sugar,0.000,KE_bull
image_3.jpg,3718,2524,SU_sand,sand_fine_shell,224,0.998,SU_sand,0.001,SU_peb,0.000,MS,0.000,SI,0.000,SU_cob
image_3.jpg,312,2966,GR_ulva,green_algae_ulva,224,1.000,GR_ulva,0.000,SU_peb,0.000,SU_cob,0.000,MS,0.000,KE_stipe
image_3.jpg,690,2966,RE_bush,red_algae_bushy,224,1.000,RE_bush,0.000,MS,0.000,BR_sarg,0.000,RE_branch,0.000,KE_stipe
image_3.jpg,1068,2966,GR_ulva,green_algae_ulva,224,0.954,GR_ulva,0.017,KE_bull,0.016,KE_stipe,0.008,MS,0.002,RE_leaf
image_3.jpg,1447,2966,GR_ulva,green_algae_ulva,224,1.000,GR_ulva,0.000,KE_stipe,0.000,KE_bull,0.000,RE_leaf,0.000,MS
image_3.jpg,1825,2966,KE_5rib,kelp_five_rib,224,0.988,KE_5rib,0.011,RE_leaf,0.001,RE_fil,0.000,KE_stipe,0.000,GR_ulva
image_3.jpg,2204,2966,KE_sugar,kelp_sugar,224,0.626,KE_sugar,0.321,KE_5rib,0.049,RE_leaf,0.002,unknown,0.001,RE_fil
image_3.jpg,2582,2966,GR_ulva,green_algae_ulva,224,1.000,GR_ulva,0.000,RE_leaf,0.000,KE_bull,0.000,BR_sarg,0.000,MS
image_3.jpg,2961,2966,GR_ulva,green_algae_ulva,224,1.000,GR_ulva,0.000,RE_leaf,0.000,KE_5rib,0.000,BR_sarg,0.000,unknown
image_3.jpg,3339,2966,RE_fil,red_algae_filamentous,224,,,,,,,,,,
image_3.jpg,3718,2966,KE_sugar,kelp_sugar,224,,,,,,,,,,
image_3.jpg,312,3409,GR_ulva,green_algae_ulva,224,,,,,,,,,,
image_3.jpg,690,3409,RE_bush,red_algae_bushy,224,1.000,RE_bush,0.000,MS,0.000,RE_leaf,0.000,SU_sand,0.000,BR_sarg
image_3.jpg,1068,3409,RE_bush,red_algae_bushy,224,0.995,RE_bush,0.003,RE_leaf,0.002,MS,0.000,KE_stipe,0.000,KE_sugar
image_3.jpg,1447,3409,KE_5rib,kelp_five_rib,224,,,,,,,,,,
image_3.jpg,1825,3409,GR_ulva,green_algae_ulva,224,1.000,GR_ulva,0.000,KE_bull,0.000,RE_leaf,0.000,KE_sieve,0.000,KE_stipe
image_3.jpg,2204,3409,GR_ulva,green_algae_ulva,224,1.000,GR_ulva,0.000,KE_bull,0.000,BR_sarg,0.000,RE_leaf,0.000,KE_stipe
image_3.jpg,2582,3409,GR_ulva,green_algae_ulva,224,0.999,GR_ulva,0.000,SU_peb,0.000,KE_bull,0.000,KE_stipe,0.000,BR_sarg
image_3.jpg,2961,3409,BR_sarg,brown_algae_sargassum,224,,,,,,,,,,
image_3.jpg,3339,3409,KE_sugar,kelp_sugar,224,,,,,,,,,,
image_3.jpg,3718,3409,KE_sugar,kelp_sugar,224,,,,,,,,,,
image_3.jpg,312,3851,GR_ulva,green_algae_ulva,224,0.981,GR_ulva,0.017,unknown,0.001,MS,0.000,KE_5rib,0.000,RE_leaf
image_3.jpg,690,3851,GR_ulva,green_algae_ulva,224,,,,,,,,,,
image_3.jpg,1068,3851,GR_ulva,green_algae_ulva,224,0.998,GR_ulva,0.001,KE_sieve,0.000,unknown,0.000,KE_stipe,0.000,MS
image_3.jpg,1447,3851,GR_ulva,green_algae_ulva,224,,,,,,,,,,
image_3.jpg,1825,3851,KE_5rib,kelp_five_rib,224,,,,,,,,,,
image_3.jpg,2204,3851,GR_ulva,green_algae_ulva,224,1.000,GR_ulva,0.000,KE_5rib,0.000,MS,0.000,KE_stipe,0.000,unknown
image_3.jpg,2582,3851,BR_sarg,brown_algae_sargassum,224,,,,,,,,,,
image_3.jpg,2961,3851,GR_ulva,green_algae_ulva,224,,,,,,,,,,
image_3.jpg,3339,3851,SU_peb,pebble,224,,,,,,,,,,
image_3.jpg,3718,3851,KE_sugar,kelp_sugar,224,,,,,,,,,,
image_3.jpg,312,4294,GR_ulva,green_algae_ulva,224,1.000,GR_ulva,0.000,unknown,0.000,KE_stipe,0.000,KE_5rib,0.000,MS
image_3.jpg,690,4294,GR_ulva,green_algae_ulva,224,,,,,,,,,,
image_3.jpg,1068,4294,GR_ulva,green_algae_ulva,224,,,,,,,,,,
image_3.jpg,1447,4294,GR_ulva,green_algae_ulva,224,,,,,,,,,,
image_3.jpg,1825,4294,KE_5rib,kelp_five_rib,224,,,,,,,,,,
image_3.jpg,2204,4294,GR_ulva,green_algae_ulva,224,,,,,,,,,,
image_3.jpg,2582,4294,BR_sarg,brown_algae_sargassum,224,,,,,,,,,,
image_3.jpg,2961,4294,BR_sarg,brown_algae_sargassum,224,,,,,,,,,,
image_3.jpg,3339,4294,unknown,unknown_area,224,,,,,,,,,,
image_3.jpg,3718,4294,unknown,unknown_area,224,,,,,,,,,,
image_4.jpg,312,312,GR_ulva,green_algae_ulva,224,0.999,GR_ulva,0.001,KE_5rib,0.000,MS,0.000,KE_stipe,0.000,unknown
image_4.jpg,690,312,GR_ulva,green_algae_ulva,224,1.000,GR_ulva,0.000,BR_sarg,0.000,KE_stipe,0.000,MS,0.000,SU_cob
image_4.jpg,1068,312,GR_ulva,green_algae_ulva,224,0.991,GR_ulva,0.009,KE_5rib,0.000,BR_sarg,0.000,RE_leaf,0.000,SI
image_4.jpg,1447,312,RE_fil,red_algae_filamentous,224,1.000,RE_fil,0.000,BR_sarg,0.000,MS,0.000,KE_holdfas,0.000,RE_leaf
image_4.jpg,1825,312,RE_leaf,red_algae_flat_leaf,224,0.839,RE_leaf,0.074,KE_stipe,0.072,RE_branch,0.005,RE_fil,0.003,SU_peb
image_4.jpg,2204,312,GR_ulva,green_algae_ulva,224,0.997,GR_ulva,0.002,KE_stipe,0.001,SU_bould,0.000,MS,0.000,unknown
image_4.jpg,2582,312,GR_ulva,green_algae_ulva,224,1.000,GR_ulva,0.000,KE_sieve,0.000,BR_sarg,0.000,KE_stipe,0.000,unknown
image_4.jpg,2961,312,GR_ulva,green_algae_ulva,224,1.000,GR_ulva,0.000,MS,0.000,KE_stipe,0.000,KE_sugar,0.000,unknown
image_4.jpg,3339,312,GR_ulva,green_algae_ulva,224,0.995,GR_ulva,0.004,KE_stipe,0.001,BR_sarg,0.001,SU_cob,0.000,BR_fucus
image_4.jpg,3718,312,SU_peb,pebble,224,0.996,SU_peb,0.003,KE_5rib,0.001,SU_cob,0.000,SU_bould,0.000,KE_stipe
image_4.jpg,312,754,GR_ulva,green_algae_ulva,224,1.000,GR_ulva,0.000,KE_sieve,0.000,KE_stipe,0.000,MS,0.000,KE_5rib
image_4.jpg,690,754,GR_ulva,green_algae_ulva,224,1.000,GR_ulva,0.000,unknown,0.000,KE_5rib,0.000,KE_sieve,0.000,KE_stipe
image_4.jpg,1068,754,GR_ulva,green_algae_ulva,224,0.964,GR_ulva,0.026,RE_leaf,0.007,RE_fil,0.003,KE_stipe,0.000,KE_bull
image_4.jpg,1447,754,RE_fil,red_algae_filamentous,224,1.000,RE_fil,0.000,SU_cob,0.000,RE_leaf,0.000,MS,0.000,SU_peb
image_4.jpg,1825,754,SU_bould,boulder,224,0.938,SU_bould,0.037,SU_cob,0.012,SU_peb,0.007,SU_sand,0.002,RE_CCA
image_4.jpg,2204,754,KE_sugar,kelp_sugar,224,,,,,,,,,,
image_4.jpg,2582,754,KE_sugar,kelp_sugar,224,,,,,,,,,,
image_4.jpg,2961,754,KE_sugar,kelp_sugar,224,,,,,,,,,,
image_4.jpg,3339,754,SU_peb,pebble,224,,,,,,,,,,
image_4.jpg,3718,754,SU_silt,silt,224,0.928,SU_silt,0.071,SU_sand,0.000,MS,0.000,SU_peb,0.000,SU_shell
image_4.jpg,312,1196,GR_ulva,green_algae_ulva,224,1.000,GR_ulva,0.000,KE_5rib,0.000,KE_sieve,0.000,KE_stipe,0.000,RE_leaf
image_4.jpg,690,1196,GR_ulva,green_algae_ulva,224,1.000,GR_ulva,0.000,KE_sieve,0.000,RE_leaf,0.000,KE_bull,0.000,KE_stipe
image_4.jpg,1068,1196,GR_ulva,green_algae_ulva,224,1.000,GR_ulva,0.000,KE_5rib,0.000,KE_sieve,0.000,unknown,0.000,KE_stipe
image_4.jpg,1447,1196,RE_fil,red_algae_filamentous,224,0.569,RE_fil,0.430,RE_leaf,0.001,MS,0.000,RE_CCA,0.000,GR_ulva
image_4.jpg,1825,1196,RE_fil,red_algae_filamentous,224,,,,,,,,,,
image_4.jpg,2204,1196,RE_fil,red_algae_filamentous,224,,,,,,,,,,
image_4.jpg,2582,1196,RE_bush,red_algae_bushy,224,0.559,RE_bush,0.351,RE_branch,0.072,RE_fil,0.014,RE_leaf,0.003,MS
image_4.jpg,2961,1196,RE_bush,red_algae_bushy,224,0.999,RE_bush,0.001,RE_branch,0.000,RE_leaf,0.000,MS,0.000,KE_holdfas
image_4.jpg,3339,1196,KE_sugar,kelp_sugar,224,,,,,,,,,,
image_4.jpg,3718,1196,SU_peb,pebble,224,1.000,SU_peb,0.000,SU_silt,0.000,MS,0.000,SU_sand,0.000,KE_stipe
image_4.jpg,312,1639,KE_sugar,kelp_sugar,224,,,,,,,,,,
image_4.jpg,690,1639,RE_bush,red_algae_bushy,224,,,,,,,,,,
image_4.jpg,1068,1639,GR_ulva,green_algae_ulva,224,1.000,GR_ulva,0.000,KE_sieve,0.000,KE_5rib,0.000,RE_leaf,0.000,KE_stipe
image_4.jpg,1447,1639,RE_fil,red_algae_filamentous,224,1.000,RE_fil,0.000,RE_leaf,0.000,BR_sarg,0.000,MS,0.000,RE_bush
image_4.jpg,1825,1639,RE_fil,red_algae_filamentous,224,1.000,RE_fil,0.000,RE_leaf,0.000,SU_bould,0.000,KE_5rib,0.000,RE_CCA
image_4.jpg,2204,1639,RE_leaf,red_algae_flat_leaf,224,1.000,RE_leaf,0.000,RE_fil,0.000,MS,0.000,SI_kelpBry,0.000,SU_peb
image_4.jpg,2582,1639,RE_bush,red_algae_bushy,224,0.510,RE_bush,0.445,BR_sarg,0.030,RE_branch,0.011,RE_fil,0.004,KE_holdfas
image_4.jpg,2961,1639,RE_bush,red_algae_bushy,224,0.789,RE_bush,0.210,RE_fil,0.000,RE_leaf,0.000,KE_holdfas,0.000,RE_branch
image_4.jpg,3339,1639,RE_bush,red_algae_bushy,224,1.000,RE_bush,0.000,RE_leaf,0.000,MS,0.000,KE_sugar,0.000,KE_holdfas
image_4.jpg,3718,1639,SU_peb,pebble,224,1.000,SU_peb,0.000,SU_bould,0.000,KE_stipe,0.000,SU_silt,0.000,SU_cob
image_4.jpg,312,2081,KE_sugar,kelp_sugar,224,,,,,,,,,,
image_4.jpg,690,2081,KE_sugar,kelp_sugar,224,,,,,,,,,,
image_4.jpg,1068,2081,RE_fil,red_algae_filamentous,224,0.575,RE_fil,0.414,RE_branch,0.011,BR_sarg,0.001,RE_leaf,0.000,RE_bush
image_4.jpg,1447,2081,RE_fil,red_algae_filamentous,224,0.993,RE_fil,0.005,RE_bush,0.001,RE_leaf,0.001,RE_branch,0.000,RE_CCA
image_4.jpg,1825,2081,KE_5rib,kelp_five_rib,224,1.000,KE_5rib,0.000,RE_fil,0.000,GR_ulva,0.000,RE_leaf,0.000,KE_sieve
image_4.jpg,2204,2081,KE_5rib,kelp_five_rib,224,0.902,KE_5rib,0.039,RE_leaf,0.031,RE_fil,0.026,GR_ulva,0.000,KE_sugar
image_4.jpg,2582,2081,RE_leaf,red_algae_flat_leaf,224,1.000,RE_leaf,0.000,RE_branch,0.000,KE_sieve,0.000,KE_bull,0.000,MS
image_4.jpg,2961,2081,RE_leaf,red_algae_flat_leaf,224,1.000,RE_leaf,0.000,KE_sugar,0.000,GR_ulva,0.000,SU_peb,0.000,SI
image_4.jpg,3339,2081,SU_bould,boulder,224,,,,,,,,,,
image_4.jpg,3718,2081,RE_branch,red_algae_branching,224,0.915,RE_branch,0.073,RE_bush,0.006,BR_sarg,0.004,SU_bould,0.001,KE_sieve
image_4.jpg,312,2524,KE_sugar,kelp_sugar,224,0.998,KE_sugar,0.002,KE_5rib,0.000,GR_ulva,0.000,RE_leaf,0.000,unknown
image_4.jpg,690,2524,GR_ulva,green_algae_ulva,224,,,,,,,,,,
image_4.jpg,1068,2524,BR_sarg,brown_algae_sargassum,224,,,,,,,,,,
image_4.jpg,1447,2524,RE_leaf,red_algae_flat_leaf,224,,,,,,,,,,
image_4.jpg,1825,2524,KE_5rib,kelp_five_rib,224,0.911,KE_5rib,0.085,GR_ulva,0.003,KE_sugar,0.001,RE_leaf,0.000,SI
image_4.jpg,2204,2524,KE_5rib,kelp_five_rib,224,0.925,KE_5rib,0.074,RE_leaf,0.001,RE_fil,0.000,GR_ulva,0.000,KE_bull
image_4.jpg,2582,2524,KE_5rib,kelp_five_rib,224,,,,,,,,,,
image_4.jpg,2961,2524,SU_bould,boulder,224,,,,,,,,,,
image_4.jpg,3339,2524,SU_bould,boulder,224,,,,,,,,,,
image_4.jpg,3718,2524,SU_peb,pebble,224,0.964,SU_peb,0.016,GR_ulva,0.006,MS,0.004,KE_stipe,0.003,SU_bould
image_4.jpg,312,2966,SU_peb,pebble,224,0.976,SU_peb,0.022,SU_sand,0.001,SU_cob,0.001,SU_bould,0.000,KE_stipe
image_4.jpg,690,2966,SU_peb,pebble,224,1.000,SU_peb,0.000,KE_stipe,0.000,SU_shell,0.000,SU_cob,0.000,SU_sand
image_4.jpg,1068,2966,GR_ulva,green_algae_ulva,224,0.889,GR_ulva,0.093,SU_peb,0.013,KE_stipe,0.002,BR_sarg,0.002,BR_fucus
image_4.jpg,1447,2966,KE_stipe,kelp_stipe,224,0.490,KE_stipe,0.196,SU_peb,0.183,RE_fil,0.085,GR_ulva,0.033,SU_bould
image_4.jpg,1825,2966,SU_peb,pebble,224,0.999,SU_peb,0.000,SI,0.000,KE_stipe,0.000,MS,0.000,SU_sand
image_4.jpg,2204,2966,GR_ulva,green_algae_ulva,224,1.000,GR_ulva,0.000,BR_fucus,0.000,KE_bull,0.000,KE_holdfas,0.000,KE_stipe
image_4.jpg,2582,2966,GR_ulva,green_algae_ulva,224,0.999,GR_ulva,0.001,unknown,0.000,KE_sugar,0.000,KE_5rib,0.000,RE_leaf
image_4.jpg,2961,2966,RE_leaf,red_algae_flat_leaf,224,0.884,RE_leaf,0.100,GR_ulva,0.006,KE_stipe,0.004,KE_bull,0.003,RE_branch
image_4.jpg,3339,2966,GR_ulva,green_algae_ulva,224,1.000,GR_ulva,0.000,KE_bull,0.000,KE_stipe,0.000,SU_cob,0.000,KE_5rib
image_4.jpg,3718,2966,SU_peb,pebble,224,1.000,SU_peb,0.000,SU_silt,0.000,SU_bould,0.000,KE_stipe,0.000,SU_shell
image_4.jpg,312,3409,GR_ulva,green_algae_ulva,224,,,,,,,,,,
image_4.jpg,690,3409,SU_cob,cobble,224,,,,,,,,,,
image_4.jpg,1068,3409,SU_peb,pebble,224,0.992,SU_peb,0.008,SU_cob,0.000,KE_stipe,0.000,SU_sand,0.000,SU_shell
image_4.jpg,1447,3409,SU_bould,boulder,224,,,,,,,,,,
image_4.jpg,1825,3409,SU_bould,boulder,224,,,,,,,,,,
image_4.jpg,2204,3409,GR_ulva,green_algae_ulva,224,1.000,GR_ulva,0.000,SU_bould,0.000,KE_stipe,0.000,KE_bull,0.000,KE_sugar
image_4.jpg,2582,3409,GR_ulva,green_algae_ulva,224,1.000,GR_ulva,0.000,KE_sieve,0.000,BR_sarg,0.000,KE_bull,0.000,KE_5rib
image_4.jpg,2961,3409,GR_ulva,green_algae_ulva,224,1.000,GR_ulva,0.000,KE_sieve,0.000,KE_5rib,0.000,RE_leaf,0.000,MS
image_4.jpg,3339,3409,GR_ulva,green_algae_ulva,224,1.000,GR_ulva,0.000,SU_bould,0.000,KE_stipe,0.000,KE_bull,0.000,unknown
image_4.jpg,3718,3409,GR_ulva,green_algae_ulva,224,0.618,GR_ulva,0.286,KE_sieve,0.062,SU_bould,0.032,KE_stipe,0.000,BR_sarg
image_4.jpg,312,3851,GR_ulva,green_algae_ulva,224,1.000,GR_ulva,0.000,unknown,0.000,KE_sieve,0.000,KE_5rib,0.000,KE_stipe
image_4.jpg,690,3851,GR_ulva,green_algae_ulva,224,1.000,GR_ulva,0.000,KE_sieve,0.000,unknown,0.000,KE_5rib,0.000,KE_stipe
image_4.jpg,1068,3851,GR_ulva,green_algae_ulva,224,0.958,GR_ulva,0.030,KE_stipe,0.008,SU_peb,0.003,SU_bould,0.000,KE_5rib
image_4.jpg,1447,3851,RE_fil,red_algae_filamentous,224,0.770,RE_fil,0.126,SU_bould,0.041,KE_sugar,0.024,KE_stipe,0.022,KE_5rib
image_4.jpg,1825,3851,RE_fil,red_algae_filamentous,224,0.728,RE_fil,0.271,KE_stipe,0.001,MS,0.000,GR_ulva,0.000,KE_holdfas
image_4.jpg,2204,3851,GR_ulva,green_algae_ulva,224,,,,,,,,,,
image_4.jpg,2582,3851,unknown,unknown_area,224,,,,,,,,,,
image_4.jpg,2961,3851,MS,mobile_species,224,,,,,,,,,,
image_4.jpg,3339,3851,GR_ulva,green_algae_ulva,224,0.975,GR_ulva,0.025,unknown,0.000,KE_sieve,0.000,SU_bould,0.000,KE_stipe
image_4.jpg,3718,3851,GR_ulva,green_algae_ulva,224,1.000,GR_ulva,0.000,KE_sieve,0.000,KE_stipe,0.000,unknown,0.000,KE_5rib
image_4.jpg,312,4294,GR_ulva,green_algae_ulva,224,0.995,GR_ulva,0.005,unknown,0.000,KE_5rib,0.000,MS,0.000,KE_sugar
image_4.jpg,690,4294,GR_ulva,green_algae_ulva,224,0.987,GR_ulva,0.013,unknown,0.000,KE_sieve,0.000,KE_stipe,0.000,SU_bould
image_4.jpg,1068,4294,BR_sarg,brown_algae_sargassum,224,,,,,,,,,,
image_4.jpg,1447,4294,BR_sarg,brown_algae_sargassum,224,0.463,BR_sarg,0.316,RE_fil,0.065,KE_5rib,0.049,KE_stipe,0.031,RE_branch
image_4.jpg,1825,4294,BR_sarg,brown_algae_sargassum,224,,,,,,,,,,
image_4.jpg,2204,4294,RE_leaf,red_algae_flat_leaf,224,0.997,RE_leaf,0.003,MS,0.000,RE_fil,0.000,RE_CCA,0.000,SI
image_4.jpg,2582,4294,GR_ulva,green_algae_ulva,224,1.000,GR_ulva,0.000,unknown,0.000,MS,0.000,KE_5rib,0.000,KE_sieve
image_4.jpg,2961,4294,GR_ulva,green_algae_ulva,224,0.634,GR_ulva,0.366,unknown,0.000,SU_bould,0.000,KE_sieve,0.000,KE_sugar
image_4.jpg,3339,4294,GR_ulva,green_algae_ulva,224,0.996,GR_ulva,0.004,unknown,0.000,KE_sieve,0.000,KE_5rib,0.000,SU_silt
image_4.jpg,3718,4294,GR_ulva,green_algae_ulva,224,0.999,GR_ulva,0.001,KE_sieve,0.000,unknown,0.000,KE_5rib,0.000,KE_stipe
image_5.jpg,312,312,GR_ulva,green_algae_ulva,224,0.921,GR_ulva,0.075,KE_5rib,0.003,MS,0.001,unknown,0.000,KE_sugar
image_5.jpg,690,312,GR_ulva,green_algae_ulva,224,0.995,GR_ulva,0.005,unknown,0.000,MS,0.000,KE_stipe,0.000,KE_sieve
image_5.jpg,1068,312,GR_ulva,green_algae_ulva,224,0.991,GR_ulva,0.006,unknown,0.002,KE_5rib,0.000,RE_leaf,0.000,MS
image_5.jpg,1447,312,GR_ulva,green_algae_ulva,224,1.000,GR_ulva,0.000,KE_stipe,0.000,SU_bould,0.000,BR_sarg,0.000,unknown
image_5.jpg,1825,312,GR_ulva,green_algae_ulva,224,0.766,GR_ulva,0.227,KE_sugar,0.004,RE_fil,0.002,BR_sarg,0.000,KE_5rib
image_5.jpg,2204,312,KE_sugar,kelp_sugar,224,,,,,,,,,,
image_5.jpg,2582,312,RE_bush,red_algae_bushy,224,1.000,RE_bush,0.000,RE_fil,0.000,RE_branch,0.000,KE_holdfas,0.000,BR_fucus
image_5.jpg,2961,312,SU_peb,pebble,224,,,,,,,,,,
image_5.jpg,3339,312,SU_sand,sand_fine_shell,224,,,,,,,,,,
image_5.jpg,3718,312,SU_bould,boulder,224,,,,,,,,,,
image_5.jpg,312,754,GR_ulva,green_algae_ulva,224,1.000,GR_ulva,0.000,KE_stipe,0.000,KE_bull,0.000,BR_sarg,0.000,MS
image_5.jpg,690,754,GR_ulva,green_algae_ulva,224,1.000,GR_ulva,0.000,RE_leaf,0.000,KE_bull,0.000,SI,0.000,KE_stipe
image_5.jpg,1068,754,GR_ulva,green_algae_ulva,224,1.000,GR_ulva,0.000,KE_sugar,0.000,KE_stipe,0.000,MS,0.000,KE_bull
image_5.jpg,1447,754,GR_ulva,green_algae_ulva,224,1.000,GR_ulva,0.000,MS,0.000,KE_stipe,0.000,SU_cob,0.000,KE_sugar
image_5.jpg,1825,754,RE_leaf,red_algae_flat_leaf,224,0.646,RE_leaf,0.258,RE_fil,0.025,MS,0.024,KE_stipe,0.024,KE_5rib
image_5.jpg,2204,754,KE_sugar,kelp_sugar,224,,,,,,,,,,
image_5.jpg,2582,754,KE_sugar,kelp_sugar,224,,,,,,,,,,
image_5.jpg,2961,754,SU_cob,cobble,224,,,,,,,,,,
image_5.jpg,3339,754,SU_peb,pebble,224,0.611,SU_peb,0.372,SU_silt,0.014,SU_sand,0.003,SU_shell,0.000,MS
image_5.jpg,3718,754,SU_peb,pebble,224,0.580,SU_peb,0.393,RE_leaf,0.013,KE_stipe,0.007,SU_cob,0.002,MS
image_5.jpg,312,1196,BR_sarg,brown_algae_sargassum,224,1.000,BR_sarg,0.000,SU_bould,0.000,BR_fucus,0.000,RE_fil,0.000,RE_branch
image_5.jpg,690,1196,RE_branch,red_algae_branching,224,1.000,RE_branch,0.000,BR_sarg,0.000,SU_bould,0.000,RE_leaf,0.000,MS
image_5.jpg,1068,1196,BR_sarg,brown_algae_sargassum,224,0.933,BR_sarg,0.043,MS,0.020,BR_fucus,0.003,RE_branch,0.001,KE_holdfas
image_5.jpg,1447,1196,RE_leaf,red_algae_flat_leaf,224,1.000,RE_leaf,0.000,MS,0.000,KE_5rib,0.000,GR_ulva,0.000,KE_bull
image_5.jpg,1825,1196,RE_leaf,red_algae_flat_leaf,224,1.000,RE_leaf,0.000,MS,0.000,SU_peb,0.000,KE_5rib,0.000,KE_stipe
image_5.jpg,2204,1196,BR_sarg,brown_algae_sargassum,224,0.887,BR_sarg,0.086,RE_leaf,0.015,MS,0.011,KE_bull,0.001,RE_branch
image_5.jpg,2582,1196,KE_sugar,kelp_sugar,224,0.858,KE_sugar,0.096,SU_sand,0.025,MS,0.014,SI_kelpBry,0.003,KE_stipe
image_5.jpg,2961,1196,SU_peb,pebble,224,1.000,SU_peb,0.000,SU_sand,0.000,KE_stipe,0.000,MS,0.000,SU_shell
image_5.jpg,3339,1196,SU_sand,sand_fine_shell,224,0.999,SU_sand,0.001,SU_peb,0.000,SU_cob,0.000,SU_silt,0.000,MS
image_5.jpg,3718,1196,SU_bould,boulder,224,,,,,,,,,,
image_5.jpg,312,1639,BR_sarg,brown_algae_sargassum,224,,,,,,,,,,
image_5.jpg,690,1639,BR_sarg,brown_algae_sargassum,224,0.341,BR_sarg,0.212,SU_cob,0.179,SU_bould,0.089,MS,0.078,SU_peb
image_5.jpg,1068,1639,BR_sarg,brown_algae_sargassum,224,0.921,BR_sarg,0.043,SU_bould,0.015,KE_holdfas,0.011,RE_bush,0.008,RE_branch
image_5.jpg,1447,1639,RE_branch,red_algae_branching,224,0.933,RE_branch,0.047,BR_sarg,0.010,RE_bush,0.004,RE_fil,0.002,KE_sieve
image_5.jpg,1825,1639,RE_fil,red_algae_filamentous,224,0.240,RE_fil,0.153,RE_leaf,0.114,KE_stipe,0.109,MS,0.094,SU_peb
image_5.jpg,2204,1639,KE_sugar,kelp_sugar,224,1.000,KE_sugar,0.000,GR_ulva,0.000,KE_stipe,0.000,RE_CCA,0.000,BR_sarg
image_5.jpg,2582,1639,KE_sugar,kelp_sugar,224,0.809,KE_sugar,0.078,KE_stipe,0.054,MS,0.032,SU_bould,0.009,KE_sieve
image_5.jpg,2961,1639,KE_sugar,kelp_sugar,224,,,,,,,,,,
image_5.jpg,3339,1639,SU_peb,pebble,224,0.991,SU_peb,0.009,SU_cob,0.000,KE_sieve,0.000,KE_stipe,0.000,SU_bould
image_5.jpg,3718,1639,SU_bould,boulder,224,0.983,SU_bould,0.016,SU_cob,0.000,GR_ulva,0.000,SU_peb,0.000,BR_sarg
image_5.jpg,312,2081,GR_ulva,green_algae_ulva,224,1.000,GR_ulva,0.000,MS,0.000,KE_stipe,0.000,BR_sarg,0.000,SU_cob
image_5.jpg,690,2081,BR_sarg,brown_algae_sargassum,224,1.000,BR_sarg,0.000,SU_sand,0.000,KE_holdfas,0.000,KE_stipe,0.000,BR_fucus
image_5.jpg,1068,2081,BR_sarg,brown_algae_sargassum,224,0.885,BR_sarg,0.097,SU_bould,0.005,RE_bush,0.005,RE_fil,0.005,KE_stipe
image_5.jpg,1447,2081,RE_fil,red_algae_filamentous,224,1.000,RE_fil,0.000,RE_bush,0.000,SU_bould,0.000,RE_leaf,0.000,RE_branch
image_5.jpg,1825,2081,RE_fil,red_algae_filamentous,224,0.999,RE_fil,0.000,SU_bould,0.000,RE_branch,0.000,RE_leaf,0.000,KE_stipe
image_5.jpg,2204,2081,KE_sugar,kelp_sugar,224,0.985,KE_sugar,0.007,SU_cob,0.004,SU_bould,0.002,GR_ulva,0.001,SU_silt
image_5.jpg,2582,2081,KE_sugar,kelp_sugar,224,,,,,,,,,,
image_5.jpg,2961,2081,KE_sugar,kelp_sugar,224,,,,,,,,,,
image_5.jpg,3339,2081,KE_sugar,kelp_sugar,224,0.974,KE_sugar,0.009,SU_cob,0.008,SU_bould,0.004,SU_peb,0.002,SU_silt
image_5.jpg,3718,2081,KE_sugar,kelp_sugar,224,,,,,,,,,,
image_5.jpg,312,2524,BR_sarg,brown_algae_sargassum,224,0.872,BR_sarg,0.099,KE_stipe,0.028,RE_fil,0.000,KE_sieve,0.000,GR_ulva
image_5.jpg,690,2524,BR_sarg,brown_algae_sargassum,224,1.000,BR_sarg,0.000,RE_branch,0.000,RE_fil,0.000,MS,0.000,SU_cob
image_5.jpg,1068,2524,RE_leaf,red_algae_flat_leaf,224,,,,,,,,,,
image_5.jpg,1447,2524,RE_leaf,red_algae_flat_leaf,224,,,,,,,,,,
image_5.jpg,1825,2524,KE_sugar,kelp_sugar,224,0.999,KE_sugar,0.001,SU_bould,0.000,RE_leaf,0.000,RE_fil,0.000,KE_bull
image_5.jpg,2204,2524,KE_sugar,kelp_sugar,224,,,,,,,,,,
image_5.jpg,2582,2524,SU_peb,pebble,224,1.000,SU_peb,0.000,KE_stipe,0.000,SU_sand,0.000,SU_shell,0.000,MS
image_5.jpg,2961,2524,SU_peb,pebble,224,1.000,SU_peb,0.000,KE_stipe,0.000,SU_cob,0.000,SU_shell,0.000,SU_bould
image_5.jpg,3339,2524,SU_peb,pebble,224,,,,,,,,,,
image_5.jpg,3718,2524,KE_sugar,kelp_sugar,224,,,,,,,,,,
image_5.jpg,312,2966,BR_sarg,brown_algae_sargassum,224,0.978,BR_sarg,0.021,KE_holdfas,0.001,RE_bush,0.000,KE_stipe,0.000,RE_fil
image_5.jpg,690,2966,BR_sarg,brown_algae_sargassum,224,0.999,BR_sarg,0.001,KE_stipe,0.000,SI,0.000,KE_sugar,0.000,KE_holdfas
image_5.jpg,1068,2966,RE_leaf,red_algae_flat_leaf,224,,,,,,,,,,
image_5.jpg,1447,2966,RE_leaf,red_algae_flat_leaf,224,0.999,RE_leaf,0.000,RE_fil,0.000,RE_bush,0.000,KE_sugar,0.000,RE_branch
image_5.jpg,1825,2966,RE_leaf,red_algae_flat_leaf,224,0.911,RE_leaf,0.063,MS,0.013,SU_peb,0.012,RE_bush,0.000,RE_fil
image_5.jpg,2204,2966,SU_peb,pebble,224,0.992,SU_peb,0.007,SU_sand,0.000,KE_stipe,0.000,SU_cob,0.000,SU_bould
image_5.jpg,2582,2966,SU_sand,sand_fine_shell,224,1.000,SU_sand,0.000,SU_peb,0.000,SU_silt,0.000,SU_cob,0.000,RE_CCA
image_5.jpg,2961,2966,SI,sessile_invert,224,1.000,SI,0.000,KE_stipe,0.000,KE_holdfas,0.000,GR_ulva,0.000,KE_bull
image_5.jpg,3339,2966,SI,sessile_invert,224,1.000,SI,0.000,RE_bush,0.000,RE_CCA,0.000,RE_branch,0.000,MS
image_5.jpg,3718,2966,KE_sugar,kelp_sugar,224,,,,,,,,,,
image_5.jpg,312,3409,BR_sarg,brown_algae_sargassum,224,1.000,BR_sarg,0.000,KE_stipe,0.000,RE_fil,0.000,KE_holdfas,0.000,RE_bush
image_5.jpg,690,3409,SU_sand,sand_fine_shell,224,,,,,,,,,,
image_5.jpg,1068,3409,SU_sand,sand_fine_shell,224,,,,,,,,,,
image_5.jpg,1447,3409,GR_ulva,green_algae_ulva,224,1.000,GR_ulva,0.000,SU_peb,0.000,SU_cob,0.000,SU_bould,0.000,KE_stipe
image_5.jpg,1825,3409,SU_peb,pebble,224,0.966,SU_peb,0.022,SU_cob,0.011,SI_kelpBry,0.001,SU_silt,0.000,BR_fucus
image_5.jpg,2204,3409,GR_ulva,green_algae_ulva,224,1.000,GR_ulva,0.000,KE_sugar,0.000,KE_5rib,0.000,RE_leaf,0.000,MS
image_5.jpg,2582,3409,RE_leaf,red_algae_flat_leaf,224,,,,,,,,,,
image_5.jpg,2961,3409,SU_peb,pebble,224,0.992,SU_peb,0.008,SU_sand,0.000,SU_cob,0.000,KE_stipe,0.000,MS
image_5.jpg,3339,3409,RE_fil,red_algae_filamentous,224,,,,,,,,,,
image_5.jpg,3718,3409,RE_fil,red_algae_filamentous,224,0.998,RE_fil,0.002,SU_bould,0.000,RE_branch,0.000,RE_leaf,0.000,RE_bush
image_5.jpg,312,3851,BR_sarg,brown_algae_sargassum,224,,,,,,,,,,
image_5.jpg,690,3851,GR_ulva,green_algae_ulva,224,1.000,GR_ulva,0.000,RE_leaf,0.000,unknown,0.000,SI_kelpBry,0.000,MS
image_5.jpg,1068,3851,GR_ulva,green_algae_ulva,224,1.000,GR_ulva,0.000,SI_kelpBry,0.000,SU_cob,0.000,RE_leaf,0.000,unknown
image_5.jpg,1447,3851,GR_ulva,green_algae_ulva,224,1.000,GR_ulva,0.000,RE_leaf,0.000,KE_bull,0.000,KE_sugar,0.000,SI_kelpBry
image_5.jpg,1825,3851,SU_peb,pebble,224,0.997,SU_peb,0.002,GR_ulva,0.001,SU_sand,0.000,SU_cob,0.000,SU_shell
image_5.jpg,2204,3851,GR_ulva,green_algae_ulva,224,1.000,GR_ulva,0.000,KE_5rib,0.000,KE_sieve,0.000,unknown,0.000,KE_sugar
image_5.jpg,2582,3851,RE_leaf,red_algae_flat_leaf,224,,,,,,,,,,
image_5.jpg,2961,3851,RE_fil,red_algae_filamentous,224,,,,,,,,,,
image_5.jpg,3339,3851,RE_fil,red_algae_filamentous,224,1.000,RE_fil,0.000,RE_leaf,0.000,RE_branch,0.000,RE_CCA,0.000,SU_cob
image_5.jpg,3718,3851,RE_branch,red_algae_branching,224,,,,,,,,,,
image_5.jpg,312,4294,GR_ulva,green_algae_ulva,224,1.000,GR_ulva,0.000,SU_cob,0.000,BR_sarg,0.000,SU_peb,0.000,MS
image_5.jpg,690,4294,GR_ulva,green_algae_ulva,224,1.000,GR_ulva,0.000,SU_peb,0.000,KE_stipe,0.000,SU_cob,0.000,SU_bould
image_5.jpg,1068,4294,GR_ulva,green_algae_ulva,224,1.000,GR_ulva,0.000,SU_cob,0.000,BR_fucus,0.000,BR_sarg,0.000,KE_stipe
image_5.jpg,1447,4294,GR_ulva,green_algae_ulva,224,1.000,GR_ulva,0.000,MS,0.000,BR_sarg,0.000,KE_sieve,0.000,BR_fucus
image_5.jpg,1825,4294,GR_ulva,green_algae_ulva,224,0.998,GR_ulva,0.001,KE_sugar,0.000,KE_5rib,0.000,KE_sieve,0.000,unknown
image_5.jpg,2204,4294,GR_ulva,green_algae_ulva,224,1.000,GR_ulva,0.000,RE_leaf,0.000,KE_stipe,0.000,KE_bull,0.000,KE_sugar
image_5.jpg,2582,4294,SU_sand,sand_fine_shell,224,1.000,SU_sand,0.000,SU_silt,0.000,SU_cob,0.000,SU_peb,0.000,SI_kelpBry
image_5.jpg,2961,4294,SU_bould,boulder,224,,,,,,,,,,
image_5.jpg,3339,4294,RE_fil,red_algae_filamentous,224,,,,,,,,,,
image_5.jpg,3718,4294,RE_fil,red_algae_filamentous,224,,,,,,,,,,
image_6.jpg,312,312,unknown,unknown_area,224,,,,,,,,,,
image_6.jpg,733,312,unknown,unknown_area,224,0.986,unknown,0.014,GR_ulva,0.000,SU_silt,0.000,KE_sieve,0.000,KE_sugar
image_6.jpg,1154,312,unknown,unknown_area,224,,,,,,,,,,
image_6.jpg,1575,312,unknown,unknown_area,224,,,,,,,,,,
image_6.jpg,1996,312,unknown,unknown_area,224,,,,,,,,,,
image_6.jpg,2417,312,unknown,unknown_area,224,,,,,,,,,,
image_6.jpg,2838,312,unknown,unknown_area,224,,,,,,,,,,
image_6.jpg,3259,312,unknown,unknown_area,224,,,,,,,,,,
image_6.jpg,3680,312,unknown,unknown_area,224,,,,,,,,,,
image_6.jpg,4101,312,unknown,unknown_area,224,,,,,,,,,,
image_6.jpg,312,803,KE_sieve,kelp_sieve,224,,,,,,,,,,
image_6.jpg,733,803,unknown,unknown_area,224,,,,,,,,,,
image_6.jpg,1154,803,unknown,unknown_area,224,0.503,unknown,0.291,KE_sieve,0.197,GR_ulva,0.003,RE_leaf,0.003,KE_5rib
image_6.jpg,1575,803,unknown,unknown_area,224,,,,,,,,,,
image_6.jpg,1996,803,unknown,unknown_area,224,,,,,,,,,,
image_6.jpg,2417,803,unknown,unknown_area,224,,,,,,,,,,
image_6.jpg,2838,803,unknown,unknown_area,224,,,,,,,,,,
image_6.jpg,3259,803,unknown,unknown_area,224,,,,,,,,,,
image_6.jpg,3680,803,unknown,unknown_area,224,,,,,,,,,,
image_6.jpg,4101,803,unknown,unknown_area,224,,,,,,,,,,
image_6.jpg,312,1294,KE_sieve,kelp_sieve,224,,,,,,,,,,
image_6.jpg,733,1294,KE_sieve,kelp_sieve,224,0.415,KE_sieve,0.385,BR_sarg,0.177,GR_ulva,0.014,KE_sugar,0.003,KE_stipe
image_6.jpg,1154,1294,KE_sieve,kelp_sieve,224,,,,,,,,,,
image_6.jpg,1575,1294,unknown,unknown_area,224,,,,,,,,,,
image_6.jpg,1996,1294,unknown,unknown_area,224,0.505,unknown,0.393,GR_ulva,0.076,KE_sieve,0.018,KE_sugar,0.006,KE_5rib
image_6.jpg,2417,1294,unknown,unknown_area,224,,,,,,,,,,
image_6.jpg,2838,1294,unknown,unknown_area,224,,,,,,,,,,
image_6.jpg,3259,1294,unknown,unknown_area,224,,,,,,,,,,
image_6.jpg,3680,1294,unknown,unknown_area,224,,,,,,,,,,
image_6.jpg,4101,1294,unknown,unknown_area,224,,,,,,,,,,
image_6.jpg,312,1785,KE_sieve,kelp_sieve,224,0.999,KE_sieve,0.001,KE_sugar,0.000,SU_bould,0.000,KE_5rib,0.000,RE_fil
image_6.jpg,733,1785,KE_sieve,kelp_sieve,224,0.982,KE_sieve,0.018,SU_bould,0.000,KE_stipe,0.000,KE_sugar,0.000,KE_5rib
image_6.jpg,1154,1785,KE_sieve,kelp_sieve,224,1.000,KE_sieve,0.000,RE_fil,0.000,KE_5rib,0.000,MS,0.000,RE_leaf
image_6.jpg,1575,1785,KE_sieve,kelp_sieve,224,0.999,KE_sieve,0.001,RE_fil,0.000,KE_5rib,0.000,SU_bould,0.000,KE_stipe
image_6.jpg,1996,1785,KE_sieve,kelp_sieve,224,0.314,KE_sieve,0.271,RE_branch,0.177,SU_bould,0.138,GR_ulva,0.055,SU_peb
image_6.jpg,2417,1785,SU_bould,boulder,224,0.864,SU_bould,0.089,RE_CCA,0.047,RE_fil,0.000,SU_cob,0.000,KE_stipe
image_6.jpg,2838,1785,SU_bould,boulder,224,,,,,,,,,,
image_6.jpg,3259,1785,SU_bould,boulder,224,0.985,SU_bould,0.015,SU_cob,0.000,MS,0.000,KE_stipe,0.000,RE_CCA
image_6.jpg,3680,1785,RE_fil,red_algae_filamentous,224,1.000,RE_fil,0.000,KE_stipe,0.000,SU_cob,0.000,RE_bush,0.000,MS
image_6.jpg,4101,1785,unknown,unknown_area,224,,,,,,,,,,
image_6.jpg,312,2276,RE_fil,red_algae_filamentous,224,,,,,,,,,,
image_6.jpg,733,2276,KE_sieve,kelp_sieve,224,1.000,KE_sieve,0.000,KE_stipe,0.000,BR_sarg,0.000,SU_bould,0.000,KE_5rib
image_6.jpg,1154,2276,KE_sieve,kelp_sieve,224,1.000,KE_sieve,0.000,RE_bush,0.000,KE_stipe,0.000,KE_sugar,0.000,BR_sarg
image_6.jpg,1575,2276,KE_sieve,kelp_sieve,224,,,,,,,,,,
image_6.jpg,1996,2276,SU_bould,boulder,224,,,,,,,,,,
image_6.jpg,2417,2276,RE_fil,red_algae_filamentous,224,0.974,RE_fil,0.026,SU_bould,0.000,RE_CCA,0.000,MS,0.000,KE_stipe
image_6.jpg,2838,2276,SU_bould,boulder,224,,,,,,,,,,
image_6.jpg,3259,2276,SU_bould,boulder,224,,,,,,,,,,
image_6.jpg,3680,2276,SU_bould,boulder,224,0.996,SU_bould,0.002,SU_cob,0.001,RE_fil,0.001,KE_stipe,0.000,MS
image_6.jpg,4101,2276,KE_sieve,kelp_sieve,224,0.859,KE_sieve,0.065,KE_stipe,0.027,SU_bould,0.022,SI,0.020,RE_fil
image_6.jpg,312,2767,RE_fil,red_algae_filamentous,224,0.913,RE_fil,0.059,SU_cob,0.014,KE_stipe,0.010,SU_shell,0.002,KE_sieve
image_6.jpg,733,2767,SU_bould,boulder,224,0.986,SU_bould,0.012,SU_cob,0.001,RE_CCA,0.000,MS,0.000,RE_fil
image_6.jpg,1154,2767,KE_sieve,kelp_sieve,224,1.000,KE_sieve,0.000,KE_5rib,0.000,KE_sugar,0.000,BR_fucus,0.000,MS
image_6.jpg,1575,2767,KE_sieve,kelp_sieve,224,0.998,KE_sieve,0.001,RE_branch,0.001,KE_holdfas,0.000,BR_sarg,0.000,SU_bould
image_6.jpg,1996,2767,KE_sieve,kelp_sieve,224,0.443,KE_sieve,0.426,SU_bould,0.085,RE_fil,0.029,KE_stipe,0.010,BR_sarg
image_6.jpg,2417,2767,KE_sieve,kelp_sieve,224,0.952,KE_sieve,0.048,RE_fil,0.000,BR_sarg,0.000,RE_branch,0.000,SU_bould
image_6.jpg,2838,2767,RE_fil,red_algae_filamentous,224,1.000,RE_fil,0.000,SU_bould,0.000,RE_branch,0.000,MS,0.000,RE_CCA
image_6.jpg,3259,2767,SU_bould,boulder,224,,,,,,,,,,
image_6.jpg,3680,2767,SU_bould,boulder,224,,,,,,,,,,
image_6.jpg,4101,2767,KE_sieve,kelp_sieve,224,1.000,KE_sieve,0.000,KE_stipe,0.000,BR_sarg,0.000,SU_bould,0.000,RE_branch
image_6.jpg,312,3258,KE_sieve,kelp_sieve,224,1.000,KE_sieve,0.000,KE_sugar,0.000,SU_silt,0.000,BR_sarg,0.000,SU_bould
image_6.jpg,733,3258,KE_sieve,kelp_sieve,224,,,,,,,,,,
image_6.jpg,1154,3258,KE_sieve,kelp_sieve,224,0.987,KE_sieve,0.007,KE_5rib,0.006,BR_sarg,0.000,RE_fil,0.000,KE_sugar
image_6.jpg,1575,3258,KE_sieve,kelp_sieve,224,1.000,KE_sieve,0.000,KE_5rib,0.000,BR_sarg,0.000,KE_stipe,0.000,KE_holdfas
image_6.jpg,1996,3258,KE_sieve,kelp_sieve,224,1.000,KE_sieve,0.000,KE_stipe,0.000,BR_sarg,0.000,RE_fil,0.000,GR_ulva
image_6.jpg,2417,3258,KE_sieve,kelp_sieve,224,,,,,,,,,,
image_6.jpg,2838,3258,RE_CCA,red_algae_encrusting_CCA,224,0.824,RE_CCA,0.164,SU_bould,0.004,MS,0.004,RE_fil,0.003,RE_branch
image_6.jpg,3259,3258,KE_sieve,kelp_sieve,224,0.999,KE_sieve,0.000,SU_bould,0.000,RE_bush,0.000,MS,0.000,BR_sarg
image_6.jpg,3680,3258,KE_sieve,kelp_sieve,224,,,,,,,,,,
image_6.jpg,4101,3258,RE_CCA,red_algae_encrusting_CCA,224,,,,,,,,,,
image_6.jpg,312,3749,KE_sieve,kelp_sieve,224,0.813,KE_sieve,0.182,SU_bould,0.004,RE_fil,0.000,KE_sugar,0.000,KE_stipe
image_6.jpg,733,3749,BR_sarg,brown_algae_sargassum,224,0.997,BR_sarg,0.003,KE_sieve,0.000,BR_fucus,0.000,KE_stipe,0.000,SU_bould
image_6.jpg,1154,3749,KE_sieve,kelp_sieve,224,0.989,KE_sieve,0.010,RE_fil,0.001,KE_5rib,0.000,BR_sarg,0.000,RE_branch
image_6.jpg,1575,3749,KE_sieve,kelp_sieve,224,0.998,KE_sieve,0.002,KE_5rib,0.000,RE_fil,0.000,SU_bould,0.000,RE_bush
image_6.jpg,1996,3749,KE_sieve,kelp_sieve,224,0.991,KE_sieve,0.004,KE_5rib,0.004,BR_sarg,0.000,BR_fucus,0.000,RE_branch
image_6.jpg,2417,3749,KE_sieve,kelp_sieve,224,1.000,KE_sieve,0.000,KE_5rib,0.000,RE_branch,0.000,BR_sarg,0.000,KE_stipe
image_6.jpg,2838,3749,KE_sieve,kelp_sieve,224,,,,,,,,,,
image_6.jpg,3259,3749,KE_sieve,kelp_sieve,224,0.999,KE_sieve,0.001,KE_sugar,0.000,BR_sarg,0.000,SI_kelpBry,0.000,BR_fucus
image_6.jpg,3680,3749,SU_bould,boulder,224,0.950,SU_bould,0.025,KE_stipe,0.013,KE_sieve,0.007,MS,0.002,RE_CCA
image_6.jpg,4101,3749,SU_bould,boulder,224,0.904,SU_bould,0.096,KE_sieve,0.000,KE_sugar,0.000,RE_fil,0.000,KE_stipe
image_6.jpg,312,4240,KE_sieve,kelp_sieve,224,1.000,KE_sieve,0.000,SU_bould,0.000,KE_stipe,0.000,RE_leaf,0.000,KE_sugar
image_6.jpg,733,4240,KE_sieve,kelp_sieve,224,0.913,KE_sieve,0.017,SU_bould,0.017,KE_holdfas,0.016,BR_sarg,0.014,SU_cob
image_6.jpg,1154,4240,KE_sieve,kelp_sieve,224,0.761,KE_sieve,0.138,KE_5rib,0.079,RE_leaf,0.009,SU_bould,0.008,KE_sugar
image_6.jpg,1575,4240,KE_5rib,kelp_five_rib,224,0.756,KE_5rib,0.243,KE_sieve,0.000,RE_bush,0.000,RE_fil,0.000,BR_fucus
image_6.jpg,1996,4240,KE_sieve,kelp_sieve,224,0.998,KE_sieve,0.002,KE_5rib,0.000,RE_branch,0.000,KE_sugar,0.000,SU_cob
image_6.jpg,2417,4240,KE_sieve,kelp_sieve,224,,,,,,,,,,
image_6.jpg,2838,4240,SU_bould,boulder,224,,,,,,,,,,
image_6.jpg,3259,4240,SU_bould,boulder,224,0.998,SU_bould,0.001,KE_sieve,0.001,KE_stipe,0.000,KE_5rib,0.000,RE_bush
image_6.jpg,3680,4240,SU_bould,boulder,224,1.000,SU_bould,0.000,KE_sugar,0.000,RE_fil,0.000,KE_sieve,0.000,KE_5rib
image_6.jpg,4101,4240,SU_bould,boulder,224,0.469,SU_bould,0.151,KE_5rib,0.104,BR_fucus,0.104,KE_stipe,0.053,SU_silt
image_6.jpg,312,4732,unknown,unknown_area,224,,,,,,,,,,
image_6.jpg,733,4732,unknown,unknown_area,224,,,,,,,,,,
image_6.jpg,1154,4732,KE_sieve,kelp_sieve,224,,,,,,,,,,
image_6.jpg,1575,4732,RE_CCA,red_algae_encrusting_CCA,224,,,,,,,,,,
image_6.jpg,1996,4732,SU_bould,boulder,224,1.000,SU_bould,0.000,SU_cob,0.000,RE_CCA,0.000,KE_stipe,0.000,KE_sieve
image_6.jpg,2417,4732,KE_sieve,kelp_sieve,224,0.996,KE_sieve,0.002,KE_holdfas,0.001,KE_5rib,0.001,BR_sarg,0.000,KE_sugar
image_6.jpg,2838,4732,KE_sieve,kelp_sieve,224,,,,,,,,,,
image_6.jpg,3259,4732,BR_encrust,brown_algae_encrusting,224,,,,,,,,,,
image_6.jpg,3680,4732,SU_bould,boulder,224,,,,,,,,,,
image_6.jpg,4101,4732,SU_bould,boulder,224,,,,,,,,,,
image_7.jpg,312,312,unknown,unknown_area,224,,,,,,,,,,
image_7.jpg,690,312,unknown,unknown_area,224,,,,,,,,,,
image_7.jpg,1068,312,unknown,unknown_area,224,0.931,unknown,0.068,GR_ulva,0.001,KE_sieve,0.000,KE_5rib,0.000,KE_stipe
image_7.jpg,1447,312,unknown,unknown_area,224,,,,,,,,,,
image_7.jpg,1825,312,unknown,unknown_area,224,1.000,unknown,0.000,GR_ulva,0.000,KE_5rib,0.000,SU_silt,0.000,KE_sugar
image_7.jpg,2204,312,unknown,unknown_area,224,0.996,unknown,0.003,GR_ulva,0.000,KE_sieve,0.000,SU_silt,0.000,KE_stipe
image_7.jpg,2582,312,unknown,unknown_area,224,0.991,unknown,0.008,GR_ulva,0.000,KE_sieve,0.000,KE_stipe,0.000,KE_5rib
image_7.jpg,2961,312,unknown,unknown_area,224,1.000,unknown,0.000,GR_ulva,0.000,SU_silt,0.000,SI,0.000,MS
image_7.jpg,3339,312,unknown,unknown_area,224,0.999,unknown,0.001,GR_ulva,0.000,SU_silt,0.000,KE_sugar,0.000,KE_5rib
image_7.jpg,3718,312,unknown,unknown_area,224,0.997,unknown,0.001,GR_ulva,0.001,KE_stipe,0.001,MS,0.000,SU_bould
image_7.jpg,312,754,unknown,unknown_area,224,,,,,,,,,,
image_7.jpg,690,754,unknown,unknown_area,224,,,,,,,,,,
image_7.jpg,1068,754,unknown,unknown_area,224,,,,,,,,,,
image_7.jpg,1447,754,unknown,unknown_area,224,,,,,,,,,,
image_7.jpg,1825,754,unknown,unknown_area,224,0.830,unknown,0.135,GR_ulva,0.031,KE_sieve,0.002,SU_silt,0.001,SU_bould
image_7.jpg,2204,754,unknown,unknown_area,224,0.801,unknown,0.186,GR_ulva,0.009,KE_sieve,0.001,RE_bush,0.001,SU_bould
image_7.jpg,2582,754,unknown,unknown_area,224,0.987,unknown,0.012,GR_ulva,0.001,KE_sieve,0.000,RE_bush,0.000,MS
image_7.jpg,2961,754,unknown,unknown_area,224,0.999,unknown,0.001,GR_ulva,0.000,KE_sugar,0.000,MS,0.000,KE_5rib
image_7.jpg,3339,754,unknown,unknown_area,224,0.913,unknown,0.087,GR_ulva,0.000,MS,0.000,KE_5rib,0.000,KE_sieve
image_7.jpg,3718,754,unknown,unknown_area,224,0.260,unknown,0.226,GR_ulva,0.210,KE_stipe,0.138,MS,0.104,KE_5rib
image_7.jpg,312,1196,unknown,unknown_area,224,,,,,,,,,,
image_7.jpg,690,1196,unknown,unknown_area,224,,,,,,,,,,
image_7.jpg,1068,1196,unknown,unknown_area,224,,,,,,,,,,
image_7.jpg,1447,1196,unknown,unknown_area,224,,,,,,,,,,
image_7.jpg,1825,1196,unknown,unknown_area,224,,,,,,,,,,
image_7.jpg,2204,1196,unknown,unknown_area,224,,,,,,,,,,
image_7.jpg,2582,1196,unknown,unknown_area,224,,,,,,,,,,
image_7.jpg,2961,1196,KE_sieve,kelp_sieve,224,0.919,KE_sieve,0.060,KE_stipe,0.015,GR_ulva,0.004,KE_5rib,0.001,RE_fil
image_7.jpg,3339,1196,KE_sieve,kelp_sieve,224,0.999,KE_sieve,0.000,MS,0.000,BR_sarg,0.000,KE_stipe,0.000,GR_ulva
image_7.jpg,3718,1196,KE_sieve,kelp_sieve,224,0.999,KE_sieve,0.001,GR_ulva,0.000,BR_sarg,0.000,RE_leaf,0.000,KE_stipe
image_7.jpg,312,1639,SU_bould,boulder,224,1.000,SU_bould,0.000,KE_sieve,0.000,KE_bull,0.000,RE_CCA,0.000,GR_ulva
image_7.jpg,690,1639,KE_sieve,kelp_sieve,224,1.000,KE_sieve,0.000,SU_bould,0.000,GR_ulva,0.000,KE_stipe,0.000,SU_silt
image_7.jpg,1068,1639,KE_sieve,kelp_sieve,224,0.996,KE_sieve,0.002,KE_5rib,0.001,GR_ulva,0.000,KE_stipe,0.000,KE_bull
image_7.jpg,1447,1639,KE_sieve,kelp_sieve,224,0.797,KE_sieve,0.176,GR_ulva,0.011,KE_stipe,0.008,KE_5rib,0.007,BR_sarg
image_7.jpg,1825,1639,KE_sieve,kelp_sieve,224,,,,,,,,,,
image_7.jpg,2204,1639,KE_sieve,kelp_sieve,224,,,,,,,,,,
image_7.jpg,2582,1639,KE_sieve,kelp_sieve,224,,,,,,,,,,
image_7.jpg,2961,1639,KE_sieve,kelp_sieve,224,1.000,KE_sieve,0.000,MS,0.000,KE_sugar,0.000,GR_ulva,0.000,BR_fucus
image_7.jpg,3339,1639,KE_sieve,kelp_sieve,224,0.998,KE_sieve,0.001,RE_fil,0.000,GR_ulva,0.000,MS,0.000,SU_bould
image_7.jpg,3718,1639,KE_sieve,kelp_sieve,224,,,,,,,,,,
image_7.jpg,312,2081,KE_sieve,kelp_sieve,224,,,,,,,,,,
image_7.jpg,690,2081,KE_sieve,kelp_sieve,224,1.000,KE_sieve,0.000,SU_bould,0.000,GR_ulva,0.000,SU_silt,0.000,KE_sugar
image_7.jpg,1068,2081,KE_sieve,kelp_sieve,224,0.973,KE_sieve,0.024,KE_5rib,0.002,GR_ulva,0.001,KE_stipe,0.000,RE_leaf
image_7.jpg,1447,2081,KE_sieve,kelp_sieve,224,0.825,KE_sieve,0.139,MS,0.029,KE_stipe,0.004,KE_sugar,0.002,RE_leaf
image_7.jpg,1825,2081,KE_sieve,kelp_sieve,224,0.966,KE_sieve,0.034,GR_ulva,0.000,SU_bould,0.000,KE_stipe,0.000,RE_leaf
image_7.jpg,2204,2081,KE_sieve,kelp_sieve,224,1.000,KE_sieve,0.000,KE_stipe,0.000,RE_leaf,0.000,KE_sugar,0.000,RE_branch
image_7.jpg,2582,2081,KE_sieve,kelp_sieve,224,0.343,KE_sieve,0.285,GR_ulva,0.282,KE_5rib,0.044,RE_leaf,0.043,KE_sugar
image_7.jpg,2961,2081,KE_sieve,kelp_sieve,224,,,,,,,,,,
image_7.jpg,3339,2081,KE_sieve,kelp_sieve,224,1.000,KE_sieve,0.000,RE_fil,0.000,KE_sugar,0.000,MS,0.000,SU_cob
image_7.jpg,3718,2081,KE_sieve,kelp_sieve,224,0.999,KE_sieve,0.001,BR_sarg,0.000,MS,0.000,GR_ulva,0.000,KE_sugar
image_7.jpg,312,2524,KE_sieve,kelp_sieve,224,,,,,,,,,,
image_7.jpg,690,2524,KE_sieve,kelp_sieve,224,0.994,KE_sieve,0.003,GR_ulva,0.003,RE_branch,0.000,RE_CCA,0.000,KE_sugar
image_7.jpg,1068,2524,KE_sieve,kelp_sieve,224,1.000,KE_sieve,0.000,KE_stipe,0.000,KE_5rib,0.000,KE_sugar,0.000,RE_leaf
image_7.jpg,1447,2524,KE_sieve,kelp_sieve,224,1.000,KE_sieve,0.000,GR_ulva,0.000,RE_leaf,0.000,SI,0.000,RE_branch
image_7.jpg,1825,2524,KE_sieve,kelp_sieve,224,1.000,KE_sieve,0.000,MS,0.000,KE_sugar,0.000,KE_5rib,0.000,BR_fucus
image_7.jpg,2204,2524,KE_sieve,kelp_sieve,224,0.998,KE_sieve,0.001,MS,0.001,RE_leaf,0.000,SI,0.000,KE_sugar
image_7.jpg,2582,2524,KE_sieve,kelp_sieve,224,1.000,KE_sieve,0.000,KE_5rib,0.000,MS,0.000,RE_leaf,0.000,GR_ulva
image_7.jpg,2961,2524,KE_sieve,kelp_sieve,224,0.997,KE_sieve,0.001,KE_5rib,0.001,MS,0.000,KE_sugar,0.000,RE_branch
image_7.jpg,3339,2524,KE_sugar,kelp_sugar,224,0.353,KE_sugar,0.322,KE_5rib,0.180,KE_sieve,0.143,RE_leaf,0.001,GR_ulva
image_7.jpg,3718,2524,KE_sieve,kelp_sieve,224,0.984,KE_sieve,0.009,GR_ulva,0.005,KE_sugar,0.001,MS,0.001,KE_stipe
image_7.jpg,312,2966,SU_bould,boulder,224,,,,,,,,,,
image_7.jpg,690,2966,SU_bould,boulder,224,,,,,,,,,,
image_7.jpg,1068,2966,KE_sieve,kelp_sieve,224,1.000,KE_sieve,0.000,KE_sugar,0.000,MS,0.000,BR_sarg,0.000,KE_5rib
image_7.jpg,1447,2966,KE_sieve,kelp_sieve,224,0.995,KE_sieve,0.002,SU_bould,0.001,KE_5rib,0.001,GR_ulva,0.000,KE_sugar
image_7.jpg,1825,2966,SU_bould,boulder,224,,,,,,,,,,
image_7.jpg,2204,2966,MS,mobile_species,224,,,,,,,,,,
image_7.jpg,2582,2966,KE_sieve,kelp_sieve,224,1.000,KE_sieve,0.000,KE_5rib,0.000,KE_sugar,0.000,MS,0.000,KE_stipe
image_7.jpg,2961,2966,KE_sieve,kelp_sieve,224,0.821,KE_sieve,0.164,SU_bould,0.011,BR_sarg,0.002,KE_sugar,0.001,GR_ulva
image_7.jpg,3339,2966,KE_sieve,kelp_sieve,224,0.991,KE_sieve,0.009,KE_5rib,0.000,KE_stipe,0.000,MS,0.000,SU_bould
image_7.jpg,3718,2966,KE_sieve,kelp_sieve,224,,,,,,,,,,
image_7.jpg,312,3409,RE_CCA,red_algae_encrusting_CCA,224,1.000,RE_CCA,0.000,SU_bould,0.000,MS,0.000,RE_leaf,0.000,KE_bull
image_7.jpg,690,3409,RE_CCA,red_algae_encrusting_CCA,224,0.998,RE_CCA,0.002,SU_bould,0.000,KE_stipe,0.000,MS,0.000,KE_sieve
image_7.jpg,1068,3409,KE_sieve,kelp_sieve,224,1.000,KE_sieve,0.000,KE_sugar,0.000,MS,0.000,BR_sarg,0.000,KE_stipe
image_7.jpg,1447,3409,RE_CCA,red_algae_encrusting_CCA,224,1.000,RE_CCA,0.000,RE_fil,0.000,RE_branch,0.000,KE_stipe,0.000,SU_cob
image_7.jpg,1825,3409,RE_CCA,red_algae_encrusting_CCA,224,0.499,RE_CCA,0.289,KE_stipe,0.116,SU_bould,0.054,SU_cob,0.022,KE_holdfas
image_7.jpg,2204,3409,SU_bould,boulder,224,,,,,,,,,,
image_7.jpg,2582,3409,KE_sieve,kelp_sieve,224,,,,,,,,,,
image_7.jpg,2961,3409,SU_bould,boulder,224,,,,,,,,,,
image_7.jpg,3339,3409,SU_bould,boulder,224,0.707,SU_bould,0.161,KE_stipe,0.056,RE_fil,0.050,RE_CCA,0.021,RE_branch
image_7.jpg,3718,3409,RE_branch,red_algae_branching,224,0.992,RE_branch,0.005,SU_bould,0.002,RE_fil,0.000,RE_bush,0.000,MS
image_7.jpg,312,3851,SU_bould,boulder,224,0.959,SU_bould,0.024,MS,0.011,RE_CCA,0.004,RE_fil,0.002,BR_sarg
image_7.jpg,690,3851,RE_CCA,red_algae_encrusting_CCA,224,1.000,RE_CCA,0.000,SI_kelpBry,0.000,KE_stipe,0.000,SU_cob,0.000,MS
image_7.jpg,1068,3851,KE_sieve,kelp_sieve,224,1.000,KE_sieve,0.000,SU_cob,0.000,SU_bould,0.000,MS,0.000,KE_stipe
image_7.jpg,1447,3851,KE_sieve,kelp_sieve,224,1.000,KE_sieve,0.000,KE_sugar,0.000,SU_bould,0.000,KE_5rib,0.000,SU_cob
image_7.jpg,1825,3851,KE_sieve,kelp_sieve,224,,,,,,,,,,
image_7.jpg,2204,3851,RE_fil,red_algae_filamentous,224,0.997,RE_fil,0.001,KE_sieve,0.001,KE_stipe,0.000,RE_bush,0.000,RE_leaf
image_7.jpg,2582,3851,KE_sieve,kelp_sieve,224,,,,,,,,,,
image_7.jpg,2961,3851,RE_fil,red_algae_filamentous,224,1.000,RE_fil,0.000,KE_stipe,0.000,MS,0.000,RE_leaf,0.000,RE_branch
image_7.jpg,3339,3851,RE_branch,red_algae_branching,224,0.998,RE_branch,0.001,RE_fil,0.000,RE_leaf,0.000,MS,0.000,SU_bould
image_7.jpg,3718,3851,KE_sieve,kelp_sieve,224,,,,,,,,,,
image_7.jpg,312,4294,SU_bould,boulder,224,0.999,SU_bould,0.001,KE_stipe,0.001,KE_sieve,0.000,KE_sugar,0.000,BR_fucus
image_7.jpg,690,4294,SU_bould,boulder,224,,,,,,,,,,
image_7.jpg,1068,4294,SU_bould,boulder,224,,,,,,,,,,
image_7.jpg,1447,4294,KE_sieve,kelp_sieve,224,0.999,KE_sieve,0.000,BR_sarg,0.000,MS,0.000,RE_fil,0.000,SU_bould
image_7.jpg,1825,4294,KE_sieve,kelp_sieve,224,,,,,,,,,,
image_7.jpg,2204,4294,SU_bould,boulder,224,,,,,,,,,,
image_7.jpg,2582,4294,RE_fil,red_algae_filamentous,224,,,,,,,,,,
image_7.jpg,2961,4294,RE_fil,red_algae_filamentous,224,,,,,,,,,,
image_7.jpg,3339,4294,SU_anth,anthropogenic,224,,,,,,,,,,
image_7.jpg,3718,4294,SU_anth,anthropogenic,224,,,,,,,,,,
image_8.jpg,312,312,SU_anth,anthropogenic,224,,,,,,,,,,
image_8.jpg,690,312,unknown,unknown_area,224,,,,,,,,,,
image_8.jpg,1068,312,unknown,unknown_area,224,,,,,,,,,,
image_8.jpg,1447,312,unknown,unknown_area,224,,,,,,,,,,
image_8.jpg,1825,312,unknown,unknown_area,224,0.743,unknown,0.116,KE_sieve,0.067,KE_stipe,0.057,GR_ulva,0.008,KE_5rib
image_8.jpg,2204,312,unknown,unknown_area,224,0.977,unknown,0.013,GR_ulva,0.004,KE_sieve,0.002,KE_sugar,0.001,SU_bould
image_8.jpg,2582,312,unknown,unknown_area,224,0.904,unknown,0.073,KE_5rib,0.011,KE_stipe,0.006,GR_ulva,0.004,KE_sieve
image_8.jpg,2961,312,unknown,unknown_area,224,,,,,,,,,,
image_8.jpg,3339,312,unknown,unknown_area,224,0.954,unknown,0.023,KE_5rib,0.012,KE_stipe,0.004,KE_sugar,0.003,GR_ulva
image_8.jpg,3718,312,unknown,unknown_area,224,0.999,unknown,0.000,GR_ulva,0.000,MS,0.000,SU_silt,0.000,SU_bould
image_8.jpg,312,754,BR_sarg,brown_algae_sargassum,224,,,,,,,,,,
image_8.jpg,690,754,unknown,unknown_area,224,,,,,,,,,,
image_8.jpg,1068,754,unknown,unknown_area,224,0.992,unknown,0.003,KE_sugar,0.003,KE_5rib,0.002,GR_ulva,0.000,SU_bould
image_8.jpg,1447,754,unknown,unknown_area,224,,,,,,,,,,
image_8.jpg,1825,754,unknown,unknown_area,224,,,,,,,,,,
image_8.jpg,2204,754,unknown,unknown_area,224,,,,,,,,,,
image_8.jpg,2582,754,unknown,unknown_area,224,0.990,unknown,0.006,GR_ulva,0.002,KE_5rib,0.001,KE_sugar,0.001,KE_sieve
image_8.jpg,2961,754,unknown,unknown_area,224,,,,,,,,,,
image_8.jpg,3339,754,unknown,unknown_area,224,,,,,,,,,,
image_8.jpg,3718,754,unknown,unknown_area,224,1.000,unknown,0.000,GR_ulva,0.000,KE_5rib,0.000,SU_cob,0.000,SU_silt
image_8.jpg,312,1196,BR_sarg,brown_algae_sargassum,224,,,,,,,,,,
image_8.jpg,690,1196,BR_sarg,brown_algae_sargassum,224,0.997,BR_sarg,0.003,RE_bush,0.000,SU_bould,0.000,BR_fucus,0.000,RE_branch
image_8.jpg,1068,1196,RE_fil,red_algae_filamentous,224,,,,,,,,,,
image_8.jpg,1447,1196,unknown,unknown_area,224,,,,,,,,,,
image_8.jpg,1825,1196,unknown,unknown_area,224,,,,,,,,,,
image_8.jpg,2204,1196,unknown,unknown_area,224,0.999,unknown,0.000,GR_ulva,0.000,MS,0.000,RE_leaf,0.000,KE_5rib
image_8.jpg,2582,1196,unknown,unknown_area,224,0.898,unknown,0.092,GR_ulva,0.003,KE_sugar,0.003,KE_5rib,0.002,KE_sieve
image_8.jpg,2961,1196,unknown,unknown_area,224,0.993,unknown,0.004,GR_ulva,0.001,KE_5rib,0.000,KE_sugar,0.000,MS
image_8.jpg,3339,1196,unknown,unknown_area,224,0.966,unknown,0.019,GR_ulva,0.014,MS,0.000,RE_leaf,0.000,KE_stipe
image_8.jpg,3718,1196,unknown,unknown_area,224,0.999,unknown,0.000,GR_ulva,0.000,MS,0.000,KE_stipe,0.000,KE_5rib
image_8.jpg,312,1639,BR_sarg,brown_algae_sargassum,224,,,,,,,,,,
image_8.jpg,690,1639,SU_bould,boulder,224,0.982,SU_bould,0.017,BR_sarg,0.001,SU_peb,0.000,KE_stipe,0.000,SU_cob
image_8.jpg,1068,1639,BR_sarg,brown_algae_sargassum,224,1.000,BR_sarg,0.000,RE_branch,0.000,SU_bould,0.000,BR_fucus,0.000,KE_stipe
image_8.jpg,1447,1639,GR_ulva,green_algae_ulva,224,,,,,,,,,,
image_8.jpg,1825,1639,BR_sarg,brown_algae_sargassum,224,1.000,BR_sarg,0.000,KE_bull,0.000,RE_branch,0.000,SU_bould,0.000,BR_fucus
image_8.jpg,2204,1639,RE_branch,red_algae_branching,224,1.000,RE_branch,0.000,BR_sarg,0.000,RE_bush,0.000,RE_leaf,0.000,MS
image_8.jpg,2582,1639,RE_branch,red_algae_branching,224,,,,,,,,,,
image_8.jpg,2961,1639,BR_sarg,brown_algae_sargassum,224,,,,,,,,,,
image_8.jpg,3339,1639,unknown,unknown_area,224,,,,,,,,,,
image_8.jpg,3718,1639,unknown,unknown_area,224,,,,,,,,,,
image_8.jpg,312,2081,RE_CCA,red_algae_encrusting_CCA,224,0.994,RE_CCA,0.003,KE_stipe,0.002,SU_shell,0.000,SI,0.000,MS
image_8.jpg,690,2081,GR_ulva,green_algae_ulva,224,0.999,GR_ulva,0.001,KE_bull,0.000,BR_sarg,0.000,SU_bould,0.000,KE_stipe
image_8.jpg,1068,2081,GR_ulva,green_algae_ulva,224,0.989,GR_ulva,0.010,KE_bull,0.001,BR_sarg,0.001,KE_stipe,0.000,BR_fucus
image_8.jpg,1447,2081,SU_bould,boulder,224,0.954,SU_bould,0.045,RE_CCA,0.001,BR_sarg,0.000,KE_stipe,0.000,MS
image_8.jpg,1825,2081,RE_branch,red_algae_branching,224,0.583,RE_branch,0.218,MS,0.148,RE_fil,0.020,RE_CCA,0.014,BR_sarg
image_8.jpg,2204,2081,SU_bould,boulder,224,0.644,SU_bould,0.164,BR_sarg,0.082,RE_branch,0.081,GR_ulva,0.013,MS
image_8.jpg,2582,2081,RE_branch,red_algae_branching,224,0.985,RE_branch,0.009,RE_leaf,0.002,RE_fil,0.002,BR_sarg,0.001,SU_bould
image_8.jpg,2961,2081,RE_leaf,red_algae_flat_leaf,224,0.994,RE_leaf,0.003,KE_bull,0.002,BR_sarg,0.000,GR_ulva,0.000,KE_5rib
image_8.jpg,3339,2081,BR_sarg,brown_algae_sargassum,224,1.000,BR_sarg,0.000,BR_fucus,0.000,KE_bull,0.000,MS,0.000,SI_kelpBry
image_8.jpg,3718,2081,BR_sarg,brown_algae_sargassum,224,0.951,BR_sarg,0.047,KE_bull,0.001,KE_holdfas,0.000,GR_ulva,0.000,KE_stipe
image_8.jpg,312,2524,RE_CCA,red_algae_encrusting_CCA,224,1.000,RE_CCA,0.000,SU_sand,0.000,SU_shell,0.000,SU_silt,0.000,SU_bould
image_8.jpg,690,2524,BR_sarg,brown_algae_sargassum,224,0.999,BR_sarg,0.001,GR_ulva,0.000,BR_fucus,0.000,KE_stipe,0.000,KE_bull
image_8.jpg,1068,2524,RE_CCA,red_algae_encrusting_CCA,224,0.675,RE_CCA,0.246,KE_bull,0.049,KE_stipe,0.019,BR_sarg,0.008,SU_bould
image_8.jpg,1447,2524,MS,mobile_species,224,0.670,MS,0.328,KE_stipe,0.002,KE_holdfas,0.000,KE_bull,0.000,RE_branch
image_8.jpg,1825,2524,MS,mobile_species,224,1.000,MS,0.000,BR_sarg,0.000,SI,0.000,KE_bull,0.000,RE_branch
image_8.jpg,2204,2524,RE_branch,red_algae_branching,224,1.000,RE_branch,0.000,MS,0.000,RE_bush,0.000,BR_sarg,0.000,RE_leaf
image_8.jpg,2582,2524,SU_bould,boulder,224,0.889,SU_bould,0.059,RE_fil,0.040,RE_CCA,0.004,MS,0.004,RE_bush
image_8.jpg,2961,2524,BR_sarg,brown_algae_sargassum,224,0.977,BR_sarg,0.022,SU_bould,0.000,RE_fil,0.000,MS,0.000,KE_stipe
image_8.jpg,3339,2524,BR_sarg,brown_algae_sargassum,224,1.000,BR_sarg,0.000,BR_fucus,0.000,KE_bull,0.000,MS,0.000,RE_branch
image_8.jpg,3718,2524,BR_sarg,brown_algae_sargassum,224,1.000,BR_sarg,0.000,MS,0.000,KE_stipe,0.000,KE_bull,0.000,BR_fucus
image_8.jpg,312,2966,BR_sarg,brown_algae_sargassum,224,0.979,BR_sarg,0.021,BR_fucus,0.000,SI,0.000,KE_stipe,0.000,KE_holdfas
image_8.jpg,690,2966,RE_CCA,red_algae_encrusting_CCA,224,0.987,RE_CCA,0.011,KE_stipe,0.001,BR_sarg,0.000,SI_kelpBry,0.000,SU_bould
image_8.jpg,1068,2966,RE_CCA,red_algae_encrusting_CCA,224,0.999,RE_CCA,0.001,KE_stipe,0.000,KE_holdfas,0.000,BR_sarg,0.000,SI
image_8.jpg,1447,2966,RE_branch,red_algae_branching,224,0.934,RE_branch,0.050,BR_sarg,0.015,RE_bush,0.000,SU_bould,0.000,RE_fil
image_8.jpg,1825,2966,RE_branch,red_algae_branching,224,,,,,,,,,,
image_8.jpg,2204,2966,RE_branch,red_algae_branching,224,1.000,RE_branch,0.000,BR_sarg,0.000,MS,0.000,RE_bush,0.000,RE_leaf
image_8.jpg,2582,2966,BR_sarg,brown_algae_sargassum,224,0.997,BR_sarg,0.002,BR_fucus,0.001,KE_bull,0.000,SU_bould,0.000,SU_peb
image_8.jpg,2961,2966,BR_sarg,brown_algae_sargassum,224,1.000,BR_sarg,0.000,BR_fucus,0.000,KE_bull,0.000,KE_stipe,0.000,MS
image_8.jpg,3339,2966,BR_sarg,brown_algae_sargassum,224,1.000,BR_sarg,0.000,BR_fucus,0.000,RE_branch,0.000,KE_holdfas,0.000,KE_bull
image_8.jpg,3718,2966,unknown,unknown_area,224,,,,,,,,,,
image_8.jpg,312,3409,RE_CCA,red_algae_encrusting_CCA,224,1.000,RE_CCA,0.000,SU_cob,0.000,SU_sand,0.000,SU_bould,0.000,SU_silt
image_8.jpg,690,3409,GR_ulva,green_algae_ulva,224,1.000,GR_ulva,0.000,BR_sarg,0.000,KE_stipe,0.000,SU_bould,0.000,KE_bull
image_8.jpg,1068,3409,GR_ulva,green_algae_ulva,224,1.000,GR_ulva,0.000,KE_bull,0.000,SU_bould,0.000,BR_sarg,0.000,SI
image_8.jpg,1447,3409,RE_branch,red_algae_branching,224,0.451,RE_branch,0.253,RE_CCA,0.172,RE_fil,0.081,MS,0.025,SI
image_8.jpg,1825,3409,RE_branch,red_algae_branching,224,1.000,RE_branch,0.000,RE_leaf,0.000,BR_sarg,0.000,RE_fil,0.000,MS
image_8.jpg,2204,3409,RE_branch,red_algae_branching,224,0.986,RE_branch,0.014,RE_bush,0.000,KE_holdfas,0.000,MS,0.000,BR_sarg
image_8.jpg,2582,3409,RE_branch,red_algae_branching,224,0.983,RE_branch,0.016,RE_leaf,0.000,MS,0.000,RE_CCA,0.000,BR_sarg
image_8.jpg,2961,3409,RE_leaf,red_algae_flat_leaf,224,1.000,RE_leaf,0.000,RE_fil,0.000,RE_branch,0.000,MS,0.000,GR_ulva
image_8.jpg,3339,3409,RE_fil,red_algae_filamentous,224,0.999,RE_fil,0.001,RE_branch,0.000,MS,0.000,SU_bould,0.000,KE_holdfas
image_8.jpg,3718,3409,unknown,unknown_area,224,,,,,,,,,,
image_8.jpg,312,3851,GR_ulva,green_algae_ulva,224,0.799,GR_ulva,0.188,BR_sarg,0.006,MS,0.005,KE_bull,0.001,KE_stipe
image_8.jpg,690,3851,GR_ulva,green_algae_ulva,224,,,,,,,,,,
image_8.jpg,1068,3851,RE_CCA,red_algae_encrusting_CCA,224,1.000,RE_CCA,0.000,SU_sand,0.000,MS,0.000,SI_kelpBry,0.000,SU_cob
image_8.jpg,1447,3851,RE_branch,red_algae_branching,224,,,,,,,,,,
image_8.jpg,1825,3851,RE_CCA,red_algae_encrusting_CCA,224,,,,,,,,,,
image_8.jpg,2204,3851,RE_branch,red_algae_branching,224,0.998,RE_branch,0.001,MS,0.000,RE_leaf,0.000,SU_bould,0.000,SU_peb
image_8.jpg,2582,3851,RE_CCA,red_algae_encrusting_CCA,224,0.289,RE_CCA,0.211,MS,0.183,SU_sand,0.129,SU_bould,0.125,SU_cob
image_8.jpg,2961,3851,unknown,unknown_area,224,,,,,,,,,,
image_8.jpg,3339,3851,unknown,unknown_area,224,,,,,,,,,,
image_8.jpg,3718,3851,unknown,unknown_area,224,0.621,unknown,0.243,RE_bush,0.075,SU_bould,0.020,KE_5rib,0.017,KE_stipe
image_8.jpg,312,4294,GR_ulva,green_algae_ulva,224,1.000,GR_ulva,0.000,BR_sarg,0.000,KE_stipe,0.000,MS,0.000,KE_bull
image_8.jpg,690,4294,RE_CCA,red_algae_encrusting_CCA,224,1.000,RE_CCA,0.000,SI_kelpBry,0.000,SU_bould,0.000,KE_stipe,0.000,MS
image_8.jpg,1068,4294,RE_branch,red_algae_branching,224,0.554,RE_branch,0.433,RE_CCA,0.005,RE_leaf,0.004,MS,0.002,KE_stipe
image_8.jpg,1447,4294,RE_branch,red_algae_branching,224,,,,,,,,,,
image_8.jpg,1825,4294,GR_ulva,green_algae_ulva,224,,,,,,,,,,
image_8.jpg,2204,4294,RE_branch,red_algae_branching,224,,,,,,,,,,
image_8.jpg,2582,4294,RE_branch,red_algae_branching,224,,,,,,,,,,
image_8.jpg,2961,4294,unknown,unknown_area,224,,,,,,,,,,
image_8.jpg,3339,4294,unknown,unknown_area,224,,,,,,,,,,
image_8.jpg,3718,4294,unknown,unknown_area,224,0.999,unknown,0.000,MS,0.000,GR_ulva,0.000,KE_stipe,0.000,KE_sugar
image_9.jpg,312,312,SU_bould,boulder,224,,,,,,,,,,
image_9.jpg,690,312,SU_bould,boulder,224,,,,,,,,,,
image_9.jpg,1068,312,SU_bould,boulder,224,,,,,,,,,,
image_9.jpg,1447,312,SU_peb,pebble,224,0.988,SU_peb,0.006,MS,0.002,GR_ulva,0.002,SU_sand,0.001,SU_silt
image_9.jpg,1825,312,SU_peb,pebble,224,0.809,SU_peb,0.170,SU_cob,0.019,SU_bould,0.002,SU_shell,0.000,SU_silt
image_9.jpg,2204,312,SU_peb,pebble,224,0.779,SU_peb,0.216,SU_sand,0.005,SU_silt,0.000,SU_cob,0.000,SU_bould
image_9.jpg,2582,312,GR_ulva,green_algae_ulva,224,,,,,,,,,,
image_9.jpg,2961,312,SU_peb,pebble,224,0.995,SU_peb,0.003,GR_ulva,0.001,SU_sand,0.001,SU_bould,0.000,MS
image_9.jpg,3339,312,MS,mobile_species,224,1.000,MS,0.000,SU_sand,0.000,RE_bush,0.000,SU_bould,0.000,SU_silt
image_9.jpg,3718,312,MS,mobile_species,224,1.000,MS,0.000,SU_silt,0.000,SU_bould,0.000,RE_bush,0.000,SU_shell
image_9.jpg,312,754,SU_peb,pebble,224,1.000,SU_peb,0.000,SU_shell,0.000,SU_cob,0.000,SU_bould,0.000,GR_ulva
image_9.jpg,690,754,SU_cob,cobble,224,,,,,,,,,,
image_9.jpg,1068,754,SU_peb,pebble,224,,,,,,,,,,
image_9.jpg,1447,754,MS,mobile_species,224,1.000,MS,0.000,SU_shell,0.000,RE_bush,0.000,SU_silt,0.000,SI
image_9.jpg,1825,754,SU_bould,boulder,224,,,,,,,,,,
image_9.jpg,2204,754,SU_bould,boulder,224,,,,,,,,,,
image_9.jpg,2582,754,SU_bould,boulder,224,0.415,SU_bould,0.348,BR_sarg,0.189,SU_cob,0.040,RE_CCA,0.002,SU_shell
image_9.jpg,2961,754,SU_bould,boulder,224,,,,,,,,,,
image_9.jpg,3339,754,SU_peb,pebble,224,0.992,SU_peb,0.007,SU_sand,0.000,SU_cob,0.000,MS,0.000,SU_bould
image_9.jpg,3718,754,SU_cob,cobble,224,0.907,SU_cob,0.063,SU_peb,0.028,SU_bould,0.002,SU_shell,0.000,KE_stipe
image_9.jpg,312,1196,SU_cob,cobble,224,0.992,SU_cob,0.003,SU_peb,0.003,SU_bould,0.002,SU_sand,0.000,KE_stipe
image_9.jpg,690,1196,SU_peb,pebble,224,0.892,SU_peb,0.047,SU_sand,0.037,SU_shell,0.014,SU_cob,0.005,SU_bould
image_9.jpg,1068,1196,SU_cob,cobble,224,0.379,SU_cob,0.290,SU_shell,0.173,SU_bould,0.145,SU_peb,0.008,SU_sand
image_9.jpg,1447,1196,SU_cob,cobble,224,,,,,,,,,,
image_9.jpg,1825,1196,SU_bould,boulder,224,,,,,,,,,,
image_9.jpg,2204,1196,SU_sand,sand_fine_shell,224,,,,,,,,,,
image_9.jpg,2582,1196,GR_ulva,green_algae_ulva,224,,,,,,,,,,
image_9.jpg,2961,1196,SU_bould,boulder,224,0.810,SU_bould,0.151,SU_peb,0.019,SU_cob,0.011,SU_shell,0.003,SU_sand
image_9.jpg,3339,1196,SU_sand,sand_fine_shell,224,0.878,SU_sand,0.107,SU_cob,0.012,SU_bould,0.001,RE_CCA,0.001,MS
image_9.jpg,3718,1196,SU_bould,boulder,224,,,,,,,,,,
image_9.jpg,312,1639,SU_peb,pebble,224,0.972,SU_peb,0.014,SU_cob,0.011,SU_bould,0.002,SU_shell,0.001,MS
image_9.jpg,690,1639,SU_peb,pebble,224,1.000,SU_peb,0.000,BR_sarg,0.000,SU_cob,0.000,KE_stipe,0.000,BR_fucus
image_9.jpg,1068,1639,SU_peb,pebble,224,1.000,SU_peb,0.000,SU_sand,0.000,SU_bould,0.000,SU_cob,0.000,SU_shell
image_9.jpg,1447,1639,SU_peb,pebble,224,0.479,SU_peb,0.448,SU_sand,0.045,SU_cob,0.025,SU_shell,0.001,SU_bould
image_9.jpg,1825,1639,SU_peb,pebble,224,1.000,SU_peb,0.000,SU_bould,0.000,SU_cob,0.000,KE_stipe,0.000,SU_sand
image_9.jpg,2204,1639,SU_sand,sand_fine_shell,224,0.566,SU_sand,0.434,SU_silt,0.000,SU_shell,0.000,SI_kelpBry,0.000,SU_peb
image_9.jpg,2582,1639,GR_ulva,green_algae_ulva,224,0.995,GR_ulva,0.002,RE_CCA,0.002,SU_peb,0.001,SU_cob,0.001,SU_bould
image_9.jpg,2961,1639,GR_ulva,green_algae_ulva,224,1.000,GR_ulva,0.000,MS,0.000,SU_cob,0.000,RE_leaf,0.000,SU_bould
image_9.jpg,3339,1639,GR_ulva,green_algae_ulva,224,0.981,GR_ulva,0.009,SU_peb,0.005,SU_cob,0.003,SU_bould,0.001,KE_stipe
image_9.jpg,3718,1639,SU_bould,boulder,224,,,,,,,,,,
image_9.jpg,312,2081,SU_sand,sand_fine_shell,224,0.499,SU_sand,0.488,SU_silt,0.014,SU_shell,0.000,MS,0.000,RE_CCA
image_9.jpg,690,2081,SU_sand,sand_fine_shell,224,0.666,SU_sand,0.152,SU_peb,0.150,SU_silt,0.032,SU_shell,0.001,SU_cob
image_9.jpg,1068,2081,SU_peb,pebble,224,0.998,SU_peb,0.001,SU_cob,0.001,SU_bould,0.000,SU_sand,0.000,KE_stipe
image_9.jpg,1447,2081,RE_bush,red_algae_bushy,224,1.000,RE_bush,0.000,RE_branch,0.000,BR_sarg,0.000,SU_sand,0.000,KE_holdfas
image_9.jpg,1825,2081,SU_silt,silt,224,,,,,,,,,,
image_9.jpg,2204,2081,SU_peb,pebble,224,0.998,SU_peb,0.002,SU_sand,0.000,SU_silt,0.000,SU_bould,0.000,SU_cob
image_9.jpg,2582,2081,SU_cob,cobble,224,,,,,,,,,,
image_9.jpg,2961,2081,SU_sand,sand_fine_shell,224,,,,,,,,,,
image_9.jpg,3339,2081,SU_peb,pebble,224,1.000,SU_peb,0.000,SU_cob,0.000,SU_bould,0.000,KE_stipe,0.000,SU_shell
image_9.jpg,3718,2081,unknown,unknown_area,224,,,,,,,,,,
image_9.jpg,312,2524,SU_cob,cobble,224,,,,,,,,,,
image_9.jpg,690,2524,SU_silt,silt,224,1.000,SU_silt,0.000,SU_sand,0.000,SU_shell,0.000,SU_peb,0.000,MS
image_9.jpg,1068,2524,SU_peb,pebble,224,,,,,,,,,,
image_9.jpg,1447,2524,SU_peb,pebble,224,0.921,SU_peb,0.073,SU_shell,0.004,SU_sand,0.001,SI,0.000,SU_cob
image_9.jpg,1825,2524,SU_peb,pebble,224,1.000,SU_peb,0.000,SU_cob,0.000,SU_bould,0.000,GR_ulva,0.000,SU_shell
image_9.jpg,2204,2524,SU_peb,pebble,224,0.998,SU_peb,0.001,SU_bould,0.001,GR_ulva,0.000,SU_cob,0.000,MS
image_9.jpg,2582,2524,SU_peb,pebble,224,0.490,SU_peb,0.468,SU_sand,0.016,SU_silt,0.010,SU_shell,0.007,SU_bould
image_9.jpg,2961,2524,SU_peb,pebble,224,1.000,SU_peb,0.000,SU_sand,0.000,SU_cob,0.000,SU_shell,0.000,SU_bould
image_9.jpg,3339,2524,SU_cob,cobble,224,0.750,SU_cob,0.185,SU_sand,0.037,SU_peb,0.024,SU_bould,0.003,SU_shell
image_9.jpg,3718,2524,SU_cob,cobble,224,,,,,,,,,,
image_9.jpg,312,2966,SU_peb,pebble,224,,,,,,,,,,
image_9.jpg,690,2966,SU_peb,pebble,224,0.977,SU_peb,0.014,SU_sand,0.008,SU_bould,0.001,SU_cob,0.000,SU_shell
image_9.jpg,1068,2966,SU_peb,pebble,224,0.999,SU_peb,0.001,SU_cob,0.000,SU_bould,0.000,SU_sand,0.000,SU_shell
image_9.jpg,1447,2966,SU_peb,pebble,224,0.999,SU_peb,0.001,SU_shell,0.000,SU_sand,0.000,SU_cob,0.000,MS
image_9.jpg,1825,2966,SU_peb,pebble,224,0.691,SU_peb,0.213,SU_sand,0.049,MS,0.037,SU_shell,0.006,SU_cob
image_9.jpg,2204,2966,MS,mobile_species,224,1.000,MS,0.000,SU_silt,0.000,RE_bush,0.000,SI,0.000,SU_sand
image_9.jpg,2582,2966,SU_peb,pebble,224,,,,,,,,,,
image_9.jpg,2961,2966,SU_sand,sand_fine_shell,224,0.990,SU_sand,0.008,SU_peb,0.002,SU_silt,0.000,SU_shell,0.000,RE_branch
image_9.jpg,3339,2966,SU_bould,boulder,224,,,,,,,,,,
image_9.jpg,3718,2966,SU_peb,pebble,224,,,,,,,,,,
image_9.jpg,312,3409,SU_peb,pebble,224,0.951,SU_peb,0.039,SU_bould,0.009,SU_cob,0.001,SU_sand,0.000,MS
image_9.jpg,690,3409,SU_peb,pebble,224,0.962,SU_peb,0.037,SU_cob,0.001,SU_bould,0.000,SU_shell,0.000,MS
image_9.jpg,1068,3409,SU_bould,boulder,224,0.853,SU_bould,0.067,MS,0.050,SU_sand,0.014,SU_cob,0.011,SU_shell
image_9.jpg,1447,3409,SU_bould,boulder,224,,,,,,,,,,
image_9.jpg,1825,3409,SU_bould,boulder,224,,,,,,,,,,
image_9.jpg,2204,3409,MS,mobile_species,224,1.000,MS,0.000,SI,0.000,SU_shell,0.000,KE_sugar,0.000,SU_silt
image_9.jpg,2582,3409,MS,mobile_species,224,0.984,MS,0.016,SU_peb,0.000,BR_sarg,0.000,RE_bush,0.000,SU_bould
image_9.jpg,2961,3409,SU_peb,pebble,224,,,,,,,,,,
image_9.jpg,3339,3409,SU_cob,cobble,224,,,,,,,,,,
image_9.jpg,3718,3409,SU_sand,sand_fine_shell,224,0.994,SU_sand,0.004,SU_peb,0.001,SU_silt,0.000,SU_bould,0.000,SU_cob
image_9.jpg,312,3851,SU_cob,cobble,224,0.856,SU_cob,0.075,SU_bould,0.059,SU_sand,0.005,RE_CCA,0.002,SU_peb
image_9.jpg,690,3851,SU_cob,cobble,224,,,,,,,,,,
image_9.jpg,1068,3851,SU_silt,silt,224,0.975,SU_silt,0.019,SU_shell,0.006,SU_sand,0.000,MS,0.000,RE_CCA
image_9.jpg,1447,3851,SU_sand,sand_fine_shell,224,0.836,SU_sand,0.107,SU_peb,0.044,SU_silt,0.010,SU_shell,0.001,MS
image_9.jpg,1825,3851,SU_silt,silt,224,0.999,SU_silt,0.000,SU_shell,0.000,RE_CCA,0.000,SU_sand,0.000,SU_bould
image_9.jpg,2204,3851,SU_silt,silt,224,1.000,SU_silt,0.000,MS,0.000,RE_CCA,0.000,SU_shell,0.000,SI_kelpBry
image_9.jpg,2582,3851,SU_silt,silt,224,0.565,SU_silt,0.430,SU_sand,0.002,RE_CCA,0.002,SU_shell,0.000,SU_cob
image_9.jpg,2961,3851,SU_peb,pebble,224,0.732,SU_peb,0.257,SU_silt,0.009,SU_sand,0.001,SU_shell,0.000,SU_cob
image_9.jpg,3339,3851,SU_cob,cobble,224,,,,,,,,,,
image_9.jpg,3718,3851,SU_cob,cobble,224,,,,,,,,,,
image_9.jpg,312,4294,SU_bould,boulder,224,,,,,,,,,,
image_9.jpg,690,4294,SU_silt,silt,224,,,,,,,,,,
image_9.jpg,1068,4294,SU_silt,silt,224,0.997,SU_silt,0.002,MS,0.001,SU_shell,0.000,SU_bould,0.000,SU_sand
image_9.jpg,1447,4294,SU_cob,cobble,224,,,,,,,,,,
image_9.jpg,1825,4294,SU_silt,silt,224,0.893,SU_silt,0.064,SU_peb,0.017,SU_sand,0.010,SU_cob,0.008,MS
image_9.jpg,2204,4294,SU_silt,silt,224,0.998,SU_silt,0.002,SU_sand,0.000,SU_shell,0.000,MS,0.000,RE_CCA
image_9.jpg,2582,4294,SU_sand,sand_fine_shell,224,0.587,SU_sand,0.374,SU_peb,0.035,SU_silt,0.002,SU_cob,0.001,MS
image_9.jpg,2961,4294,unknown,unknown_area,224,,,,,,,,,,
image_9.jpg,3339,4294,SU_bould,boulder,224,0.929,SU_bould,0.064,SU_cob,0.004,GR_ulva,0.002,SU_silt,0.001,SU_peb
image_9.jpg,3718,4294,SU_silt,silt,224,,,,,,,,,,
image_10.jpg,312,312,SU_cob,cobble,224,,,,,,,,,,
image_10.jpg,690,312,SU_cob,cobble,224,,,,,,,,,,
image_10.jpg,1068,312,SU_shell,shell_hash,224,0.751,SU_shell,0.248,SU_peb,0.000,KE_sugar,0.000,SU_bould,0.000,KE_stipe
image_10.jpg,1447,312,SU_sand,sand_fine_shell,224,0.996,SU_sand,0.002,SU_peb,0.001,SU_bould,0.001,SU_silt,0.001,SU_shell
image_10.jpg,1825,312,SU_sand,sand_fine_shell,224,0.536,SU_sand,0.462,SU_peb,0.002,SU_cob,0.001,SU_bould,0.000,SU_shell
image_10.jpg,2204,312,SU_cob,cobble,224,0.542,SU_cob,0.451,SU_peb,0.007,SU_bould,0.000,KE_stipe,0.000,SU_silt
image_10.jpg,2582,312,SU_peb,pebble,224,1.000,SU_peb,0.000,SU_shell,0.000,SU_sand,0.000,SU_bould,0.000,KE_stipe
image_10.jpg,2961,312,SU_cob,cobble,224,,,,,,,,,,
image_10.jpg,3339,312,SU_peb,pebble,224,0.858,SU_peb,0.134,SU_cob,0.008,SU_bould,0.000,SU_silt,0.000,unknown
image_10.jpg,3718,312,SU_cob,cobble,224,0.918,SU_cob,0.068,SU_bould,0.013,SU_peb,0.000,SU_silt,0.000,unknown
image_10.jpg,312,754,SU_peb,pebble,224,0.999,SU_peb,0.000,SU_cob,0.000,SU_bould,0.000,SU_shell,0.000,KE_stipe
image_10.jpg,690,754,SU_peb,pebble,224,1.000,SU_peb,0.000,SU_sand,0.000,MS,0.000,SU_shell,0.000,SI_kelpBry
image_10.jpg,1068,754,SU_cob,cobble,224,0.543,SU_cob,0.431,SU_peb,0.017,SU_bould,0.007,KE_stipe,0.002,SI_kelpBry
image_10.jpg,1447,754,SU_silt,silt,224,0.826,SU_silt,0.100,SU_peb,0.051,SU_sand,0.022,SU_shell,0.000,SU_bould
image_10.jpg,1825,754,SU_peb,pebble,224,1.000,SU_peb,0.000,SU_sand,0.000,SU_bould,0.000,SU_cob,0.000,SU_shell
image_10.jpg,2204,754,SU_peb,pebble,224,1.000,SU_peb,0.000,SU_cob,0.000,SU_bould,0.000,KE_stipe,0.000,SU_shell
image_10.jpg,2582,754,SU_peb,pebble,224,1.000,SU_peb,0.000,SU_sand,0.000,SU_shell,0.000,GR_ulva,0.000,SU_bould
image_10.jpg,2961,754,SI,sessile_invert,224,,,,,,,,,,
image_10.jpg,3339,754,SU_peb,pebble,224,0.999,SU_peb,0.000,SU_shell,0.000,SU_sand,0.000,SU_cob,0.000,SU_bould
image_10.jpg,3718,754,SU_sand,sand_fine_shell,224,0.996,SU_sand,0.004,SU_silt,0.000,SU_peb,0.000,SU_shell,0.000,SU_cob
image_10.jpg,312,1196,SU_cob,cobble,224,0.912,SU_cob,0.059,SU_bould,0.028,SU_silt,0.000,MS,0.000,SU_peb
image_10.jpg,690,1196,SU_peb,pebble,224,,,,,,,,,,
image_10.jpg,1068,1196,SU_sand,sand_fine_shell,224,,,,,,,,,,
image_10.jpg,1447,1196,SU_peb,pebble,224,0.999,SU_peb,0.001,SU_sand,0.000,SU_cob,0.000,MS,0.000,SU_shell
image_10.jpg,1825,1196,SU_sand,sand_fine_shell,224,1.000,SU_sand,0.000,MS,0.000,SU_peb,0.000,SU_cob,0.000,SU_shell
image_10.jpg,2204,1196,SU_cob,cobble,224,,,,,,,,,,
image_10.jpg,2582,1196,SU_cob,cobble,224,,,,,,,,,,
image_10.jpg,2961,1196,RE_branch,red_algae_branching,224,,,,,,,,,,
image_10.jpg,3339,1196,SU_sand,sand_fine_shell,224,,,,,,,,,,
image_10.jpg,3718,1196,SU_peb,pebble,224,0.906,SU_peb,0.094,SU_cob,0.000,SU_bould,0.000,GR_ulva,0.000,SU_shell
image_10.jpg,312,1639,SU_sand,sand_fine_shell,224,0.995,SU_sand,0.005,SU_peb,0.000,SU_shell,0.000,SU_silt,0.000,SU_cob
image_10.jpg,690,1639,SU_peb,pebble,224,0.819,SU_peb,0.174,SU_bould,0.006,SU_cob,0.000,SU_shell,0.000,KE_stipe
image_10.jpg,1068,1639,SU_cob,cobble,224,,,,,,,,,,
image_10.jpg,1447,1639,SU_peb,pebble,224,,,,,,,,,,
image_10.jpg,1825,1639,SU_peb,pebble,224,0.622,SU_peb,0.357,SU_cob,0.019,SU_bould,0.001,SU_sand,0.000,MS
image_10.jpg,2204,1639,SU_cob,cobble,224,,,,,,,,,,
image_10.jpg,2582,1639,SU_sand,sand_fine_shell,224,0.993,SU_sand,0.004,SU_peb,0.002,SU_silt,0.000,SU_shell,0.000,SU_bould
image_10.jpg,2961,1639,SU_peb,pebble,224,1.000,SU_peb,0.000,SU_sand,0.000,SU_cob,0.000,KE_stipe,0.000,SU_bould
image_10.jpg,3339,1639,SU_sand,sand_fine_shell,224,0.999,SU_sand,0.001,SU_peb,0.001,SU_silt,0.000,SU_cob,0.000,SU_bould
image_10.jpg,3718,1639,SU_peb,pebble,224,1.000,SU_peb,0.000,SU_cob,0.000,SU_sand,0.000,KE_stipe,0.000,SU_bould
image_10.jpg,312,2081,SU_peb,pebble,224,0.828,SU_peb,0.155,SU_sand,0.013,SU_bould,0.001,KE_stipe,0.001,SU_cob
image_10.jpg,690,2081,SU_peb,pebble,224,1.000,SU_peb,0.000,SU_cob,0.000,SU_silt,0.000,KE_stipe,0.000,SU_bould
image_10.jpg,1068,2081,SU_sand,sand_fine_shell,224,,,,,,,,,,
image_10.jpg,1447,2081,SU_bould,boulder,224,,,,,,,,,,
image_10.jpg,1825,2081,SU_cob,cobble,224,,,,,,,,,,
image_10.jpg,2204,2081,SU_peb,pebble,224,0.990,SU_peb,0.008,SU_cob,0.002,SU_bould,0.000,KE_stipe,0.000,SU_silt
image_10.jpg,2582,2081,SU_cob,cobble,224,,,,,,,,,,
image_10.jpg,2961,2081,SU_sand,sand_fine_shell,224,0.990,SU_sand,0.010,SU_peb,0.000,SU_silt,0.000,SU_shell,0.000,SI
image_10.jpg,3339,2081,SU_peb,pebble,224,1.000,SU_peb,0.000,SU_cob,0.000,SU_bould,0.000,KE_stipe,0.000,SU_shell
image_10.jpg,3718,2081,SU_sand,sand_fine_shell,224,0.994,SU_sand,0.005,SU_peb,0.000,SU_silt,0.000,SU_shell,0.000,MS
image_10.jpg,312,2524,SU_sand,sand_fine_shell,224,1.000,SU_sand,0.000,SU_silt,0.000,SU_peb,0.000,SU_cob,0.000,SU_shell
image_10.jpg,690,2524,SU_sand,sand_fine_shell,224,1.000,SU_sand,0.000,SU_silt,0.000,SU_cob,0.000,SU_shell,0.000,SU_bould
image_10.jpg,1068,2524,SU_peb,pebble,224,0.488,SU_peb,0.483,SU_shell,0.026,SU_bould,0.002,SI_kelpBry,0.000,KE_5rib
image_10.jpg,1447,2524,SU_peb,pebble,224,1.000,SU_peb,0.000,SU_sand,0.000,SU_shell,0.000,SU_silt,0.000,SI_kelpBry
image_10.jpg,1825,2524,SU_cob,cobble,224,,,,,,,,,,
image_10.jpg,2204,2524,SU_peb,pebble,224,1.000,SU_peb,0.000,KE_stipe,0.000,SU_bould,0.000,SU_cob,0.000,SU_sand
image_10.jpg,2582,2524,SU_sand,sand_fine_shell,224,0.732,SU_sand,0.209,SU_silt,0.054,SU_peb,0.006,SU_shell,0.000,GR_ulva
image_10.jpg,2961,2524,SU_cob,cobble,224,0.741,SU_cob,0.240,SU_bould,0.008,KE_holdfas,0.005,SU_peb,0.004,RE_bush
image_10.jpg,3339,2524,SU_peb,pebble,224,1.000,SU_peb,0.000,SU_shell,0.000,KE_stipe,0.000,MS,0.000,SU_cob
image_10.jpg,3718,2524,SU_peb,pebble,224,0.982,SU_peb,0.018,SU_cob,0.000,SU_bould,0.000,KE_stipe,0.000,MS
image_10.jpg,312,2966,SU_cob,cobble,224,,,,,,,,,,
image_10.jpg,690,2966,SU_peb,pebble,224,1.000,SU_peb,0.000,KE_stipe,0.000,SU_sand,0.000,MS,0.000,SU_shell
image_10.jpg,1068,2966,SU_peb,pebble,224,0.995,SU_peb,0.004,SU_cob,0.001,SU_bould,0.000,KE_stipe,0.000,SU_shell
image_10.jpg,1447,2966,SU_cob,cobble,224,,,,,,,,,,
image_10.jpg,1825,2966,SU_cob,cobble,224,,,,,,,,,,
image_10.jpg,2204,2966,SU_sand,sand_fine_shell,224,,,,,,,,,,
image_10.jpg,2582,2966,SU_peb,pebble,224,1.000,SU_peb,0.000,SU_cob,0.000,SU_sand,0.000,SU_bould,0.000,SU_silt
image_10.jpg,2961,2966,SU_peb,pebble,224,0.996,SU_peb,0.002,SU_cob,0.001,SU_bould,0.000,SU_sand,0.000,SU_shell
image_10.jpg,3339,2966,SU_peb,pebble,224,0.999,SU_peb,0.001,SU_cob,0.000,SU_bould,0.000,KE_stipe,0.000,KE_holdfas
image_10.jpg,3718,2966,SU_peb,pebble,224,1.000,SU_peb,0.000,SU_bould,0.000,SU_sand,0.000,SU_cob,0.000,SU_shell
image_10.jpg,312,3409,SU_cob,cobble,224,0.997,SU_cob,0.001,RE_fil,0.001,SU_peb,0.001,SU_bould,0.000,MS
image_10.jpg,690,3409,MS,mobile_species,224,1.000,MS,0.000,SU_peb,0.000,SU_bould,0.000,SU_shell,0.000,SU_cob
image_10.jpg,1068,3409,SU_peb,pebble,224,0.743,SU_peb,0.240,SU_cob,0.016,SU_bould,0.001,KE_stipe,0.000,MS
image_10.jpg,1447,3409,SU_cob,cobble,224,0.615,SU_cob,0.378,SU_bould,0.005,SU_peb,0.001,RE_CCA,0.000,MS
image_10.jpg,1825,3409,SU_cob,cobble,224,0.928,SU_cob,0.043,SU_peb,0.025,SU_bould,0.002,SU_sand,0.001,RE_bush
image_10.jpg,2204,3409,SU_peb,pebble,224,0.998,SU_peb,0.002,SU_bould,0.000,SU_cob,0.000,SU_shell,0.000,MS
image_10.jpg,2582,3409,SU_peb,pebble,224,1.000,SU_peb,0.000,SU_cob,0.000,SU_bould,0.000,KE_stipe,0.000,BR_fucus
image_10.jpg,2961,3409,SU_peb,pebble,224,1.000,SU_peb,0.000,SU_bould,0.000,SU_cob,0.000,SU_sand,0.000,SU_shell
image_10.jpg,3339,3409,SU_peb,pebble,224,0.417,SU_peb,0.396,SU_cob,0.143,SU_sand,0.040,SU_bould,0.003,RE_branch
image_10.jpg,3718,3409,SU_sand,sand_fine_shell,224,,,,,,,,,,
image_10.jpg,312,3851,SU_peb,pebble,224,,,,,,,,,,
image_10.jpg,690,3851,SU_peb,pebble,224,0.960,SU_peb,0.027,SU_cob,0.012,SU_sand,0.000,SU_bould,0.000,KE_stipe
image_10.jpg,1068,3851,SU_peb,pebble,224,1.000,SU_peb,0.000,SU_cob,0.000,SU_sand,0.000,SU_bould,0.000,SU_shell
image_10.jpg,1447,3851,SU_cob,cobble,224,,,,,,,,,,
image_10.jpg,1825,3851,SU_cob,cobble,224,,,,,,,,,,
image_10.jpg,2204,3851,SU_peb,pebble,224,1.000,SU_peb,0.000,SU_bould,0.000,SU_cob,0.000,KE_stipe,0.000,SU_shell
image_10.jpg,2582,3851,SU_peb,pebble,224,1.000,SU_peb,0.000,SU_bould,0.000,SU_sand,0.000,SI_kelpBry,0.000,SU_cob
image_10.jpg,2961,3851,SU_peb,pebble,224,1.000,SU_peb,0.000,SU_bould,0.000,SU_cob,0.000,KE_stipe,0.000,SU_sand
image_10.jpg,3339,3851,SU_cob,cobble,224,,,,,,,,,,
image_10.jpg,3718,3851,SU_sand,sand_fine_shell,224,,,,,,,,,,
image_10.jpg,312,4294,unknown,unknown_area,224,,,,,,,,,,
image_10.jpg,690,4294,SU_peb,pebble,224,1.000,SU_peb,0.000,SU_shell,0.000,KE_stipe,0.000,SU_sand,0.000,MS
image_10.jpg,1068,4294,SU_peb,pebble,224,1.000,SU_peb,0.000,SU_cob,0.000,SU_bould,0.000,KE_stipe,0.000,RE_branch
image_10.jpg,1447,4294,SU_peb,pebble,224,0.958,SU_peb,0.041,SU_cob,0.000,SU_bould,0.000,MS,0.000,KE_stipe
image_10.jpg,1825,4294,SU_cob,cobble,224,0.906,SU_cob,0.092,SU_bould,0.001,SU_peb,0.000,SU_sand,0.000,RE_branch
image_10.jpg,2204,4294,SU_cob,cobble,224,0.981,SU_cob,0.009,SU_bould,0.009,SU_peb,0.000,KE_sugar,0.000,SI_kelpBry
image_10.jpg,2582,4294,SU_peb,pebble,224,1.000,SU_peb,0.000,SU_cob,0.000,SU_bould,0.000,KE_stipe,0.000,unknown
image_10.jpg,2961,4294,SU_peb,pebble,224,1.000,SU_peb,0.000,SU_sand,0.000,SU_bould,0.000,SU_shell,0.000,SU_cob
image_10.jpg,3339,4294,SU_peb,pebble,224,0.940,SU_peb,0.018,RE_bush,0.016,SU_silt,0.014,SU_bould,0.005,BR_fucus
image_10.jpg,3718,4294,SU_cob,cobble,224,,,,,,,,,,
image_11.jpg,312,312,RE_CCA,red_algae_encrusting_CCA,224,1.000,RE_CCA,0.000,SI_kelpBry,0.000,SU_cob,0.000,SU_bould,0.000,SU_shell
image_11.jpg,690,312,RE_CCA,red_algae_encrusting_CCA,224,0.867,RE_CCA,0.132,SU_bould,0.001,SU_cob,0.000,SI_kelpBry,0.000,RE_branch
image_11.jpg,1068,312,RE_CCA,red_algae_encrusting_CCA,224,1.000,RE_CCA,0.000,SU_shell,0.000,SI_kelpBry,0.000,RE_branch,0.000,MS
image_11.jpg,1447,312,RE_CCA,red_algae_encrusting_CCA,224,,,,,,,,,,
image_11.jpg,1825,312,SU_bould,boulder,224,,,,,,,,,,
image_11.jpg,2204,312,RE_CCA,red_algae_encrusting_CCA,224,1.000,RE_CCA,0.000,RE_branch,0.000,SU_shell,0.000,SU_sand,0.000,MS
image_11.jpg,2582,312,RE_CCA,red_algae_encrusting_CCA,224,1.000,RE_CCA,0.000,RE_branch,0.000,MS,0.000,BR_sarg,0.000,SI_kelpBry
image_11.jpg,2961,312,RE_CCA,red_algae_encrusting_CCA,224,1.000,RE_CCA,0.000,MS,0.000,SI_kelpBry,0.000,SU_shell,0.000,SI
image_11.jpg,3339,312,RE_CCA,red_algae_encrusting_CCA,224,0.793,RE_CCA,0.199,MS,0.006,SI_kelpBry,0.002,SU_sand,0.000,SI
image_11.jpg,3718,312,RE_CCA,red_algae_encrusting_CCA,224,0.996,RE_CCA,0.002,MS,0.002,SI_kelpBry,0.000,RE_branch,0.000,KE_stipe
image_11.jpg,312,754,RE_CCA,red_algae_encrusting_CCA,224,0.593,RE_CCA,0.402,SU_bould,0.004,SU_cob,0.001,KE_stipe,0.001,SU_peb
image_11.jpg,690,754,SU_bould,boulder,224,0.856,SU_bould,0.140,RE_CCA,0.004,SU_cob,0.000,KE_stipe,0.000,RE_fil
image_11.jpg,1068,754,RE_fil,red_algae_filamentous,224,0.525,RE_fil,0.459,RE_CCA,0.013,RE_branch,0.002,KE_stipe,0.001,SI_kelpBry
image_11.jpg,1447,754,RE_CCA,red_algae_encrusting_CCA,224,0.706,RE_CCA,0.278,RE_branch,0.014,RE_fil,0.001,SI_kelpBry,0.000,KE_holdfas
image_11.jpg,1825,754,RE_CCA,red_algae_encrusting_CCA,224,1.000,RE_CCA,0.000,SI_kelpBry,0.000,MS,0.000,RE_branch,0.000,RE_fil
image_11.jpg,2204,754,RE_CCA,red_algae_encrusting_CCA,224,1.000,RE_CCA,0.000,MS,0.000,SU_bould,0.000,SU_sand,0.000,SI_kelpBry
image_11.jpg,2582,754,RE_CCA,red_algae_encrusting_CCA,224,1.000,RE_CCA,0.000,SU_bould,0.000,MS,0.000,SU_sand,0.000,SI_kelpBry
image_11.jpg,2961,754,RE_CCA,red_algae_encrusting_CCA,224,1.000,RE_CCA,0.000,MS,0.000,SU_sand,0.000,SI_kelpBry,0.000,SU_shell
image_11.jpg,3339,754,RE_CCA,red_algae_encrusting_CCA,224,0.994,RE_CCA,0.005,MS,0.001,SI_kelpBry,0.000,SI,0.000,KE_stipe
image_11.jpg,3718,754,RE_CCA,red_algae_encrusting_CCA,224,0.995,RE_CCA,0.004,MS,0.001,SI_kelpBry,0.000,SI,0.000,SU_sand
image_11.jpg,312,1196,RE_CCA,red_algae_encrusting_CCA,224,0.998,RE_CCA,0.001,SU_bould,0.001,SU_cob,0.000,MS,0.000,SU_sand
image_11.jpg,690,1196,SU_bould,boulder,224,0.999,SU_bould,0.001,RE_fil,0.000,SU_cob,0.000,KE_stipe,0.000,RE_CCA
image_11.jpg,1068,1196,SU_bould,boulder,224,,,,,,,,,,
image_11.jpg,1447,1196,SU_bould,boulder,224,,,,,,,,,,
image_11.jpg,1825,1196,RE_branch,red_algae_branching,224,0.840,RE_branch,0.151,RE_CCA,0.007,RE_leaf,0.002,MS,0.001,KE_stipe
image_11.jpg,2204,1196,RE_fil,red_algae_filamentous,224,0.991,RE_fil,0.006,RE_branch,0.002,RE_CCA,0.001,RE_leaf,0.000,BR_sarg
image_11.jpg,2582,1196,RE_CCA,red_algae_encrusting_CCA,224,0.778,RE_CCA,0.107,RE_fil,0.101,SI_kelpBry,0.008,RE_branch,0.003,MS
image_11.jpg,2961,1196,RE_CCA,red_algae_encrusting_CCA,224,0.998,RE_CCA,0.001,RE_fil,0.001,RE_branch,0.000,MS,0.000,SI_kelpBry
image_11.jpg,3339,1196,RE_CCA,red_algae_encrusting_CCA,224,0.999,RE_CCA,0.000,MS,0.000,RE_branch,0.000,RE_fil,0.000,BR_sarg
image_11.jpg,3718,1196,RE_CCA,red_algae_encrusting_CCA,224,0.901,RE_CCA,0.098,MS,0.000,SU_sand,0.000,SI_kelpBry,0.000,SU_shell
image_11.jpg,312,1639,SU_bould,boulder,224,0.998,SU_bould,0.001,KE_stipe,0.000,RE_fil,0.000,SU_cob,0.000,MS
image_11.jpg,690,1639,RE_CCA,red_algae_encrusting_CCA,224,1.000,RE_CCA,0.000,SU_bould,0.000,SU_cob,0.000,KE_stipe,0.000,MS
image_11.jpg,1068,1639,SU_bould,boulder,224,1.000,SU_bould,0.000,RE_CCA,0.000,SU_cob,0.000,RE_fil,0.000,KE_holdfas
image_11.jpg,1447,1639,SU_bould,boulder,224,0.997,SU_bould,0.002,SU_cob,0.000,SU_peb,0.000,KE_holdfas,0.000,RE_CCA
image_11.jpg,1825,1639,SU_bould,boulder,224,,,,,,,,,,
image_11.jpg,2204,1639,unknown,unknown_area,224,,,,,,,,,,
image_11.jpg,2582,1639,RE_fil,red_algae_filamentous,224,,,,,,,,,,
image_11.jpg,2961,1639,RE_fil,red_algae_filamentous,224,,,,,,,,,,
image_11.jpg,3339,1639,RE_CCA,red_algae_encrusting_CCA,224,1.000,RE_CCA,0.000,MS,0.000,RE_branch,0.000,SU_shell,0.000,SU_bould
image_11.jpg,3718,1639,RE_fil,red_algae_filamentous,224,,,,,,,,,,
image_11.jpg,312,2081,SU_bould,boulder,224,0.728,SU_bould,0.257,RE_CCA,0.012,SU_cob,0.002,MS,0.001,KE_stipe
image_11.jpg,690,2081,SU_bould,boulder,224,0.973,SU_bould,0.023,SU_cob,0.004,RE_CCA,0.000,RE_fil,0.000,SI
image_11.jpg,1068,2081,RE_CCA,red_algae_encrusting_CCA,224,1.000,RE_CCA,0.000,SU_bould,0.000,MS,0.000,KE_stipe,0.000,SU_shell
image_11.jpg,1447,2081,RE_CCA,red_algae_encrusting_CCA,224,1.000,RE_CCA,0.000,SU_bould,0.000,KE_stipe,0.000,MS,0.000,BR_sarg
image_11.jpg,1825,2081,SU_bould,boulder,224,0.998,SU_bould,0.002,RE_CCA,0.000,RE_fil,0.000,KE_stipe,0.000,GR_ulva
image_11.jpg,2204,2081,RE_CCA,red_algae_encrusting_CCA,224,1.000,RE_CCA,0.000,MS,0.000,SU_bould,0.000,SI,0.000,BR_sarg
image_11.jpg,2582,2081,RE_fil,red_algae_filamentous,224,0.993,RE_fil,0.004,RE_leaf,0.002,RE_branch,0.001,RE_CCA,0.000,SI_kelpBry
image_11.jpg,2961,2081,RE_fil,red_algae_filamentous,224,0.633,RE_fil,0.327,RE_branch,0.029,RE_leaf,0.007,SI_kelpBry,0.003,BR_sarg
image_11.jpg,3339,2081,RE_fil,red_algae_filamentous,224,0.582,RE_fil,0.381,RE_CCA,0.020,SI_kelpBry,0.014,RE_branch,0.002,BR_sarg
image_11.jpg,3718,2081,RE_fil,red_algae_filamentous,224,0.998,RE_fil,0.001,RE_branch,0.001,RE_leaf,0.001,RE_CCA,0.000,SI_kelpBry
image_11.jpg,312,2524,RE_CCA,red_algae_encrusting_CCA,224,0.943,RE_CCA,0.048,SU_bould,0.005,SU_cob,0.003,MS,0.001,KE_stipe
image_11.jpg,690,2524,RE_CCA,red_algae_encrusting_CCA,224,1.000,RE_CCA,0.000,SU_bould,0.000,MS,0.000,SU_cob,0.000,KE_stipe
image_11.jpg,1068,2524,RE_CCA,red_algae_encrusting_CCA,224,0.971,RE_CCA,0.028,SU_bould,0.000,RE_fil,0.000,BR_sarg,0.000,KE_stipe
image_11.jpg,1447,2524,SU_bould,boulder,224,0.673,SU_bould,0.327,RE_CCA,0.000,KE_stipe,0.000,RE_fil,0.000,MS
image_11.jpg,1825,2524,SU_bould,boulder,224,1.000,SU_bould,0.000,RE_CCA,0.000,GR_ulva,0.000,KE_stipe,0.000,SI
image_11.jpg,2204,2524,SU_bould,boulder,224,0.868,SU_bould,0.132,RE_CCA,0.000,SU_cob,0.000,KE_stipe,0.000,RE_fil
image_11.jpg,2582,2524,RE_fil,red_algae_filamentous,224,0.958,RE_fil,0.025,RE_CCA,0.015,RE_branch,0.001,KE_stipe,0.000,MS
image_11.jpg,2961,2524,RE_fil,red_algae_filamentous,224,0.967,RE_fil,0.028,RE_CCA,0.004,SI,0.001,SI_kelpBry,0.000,RE_branch
image_11.jpg,3339,2524,SU_bould,boulder,224,0.993,SU_bould,0.004,KE_bull,0.001,MS,0.001,BR_fucus,0.001,RE_CCA
image_11.jpg,3718,2524,RE_fil,red_algae_filamentous,224,0.961,RE_fil,0.030,SU_cob,0.008,RE_branch,0.001,RE_CCA,0.000,KE_holdfas
image_11.jpg,312,2966,SU_bould,boulder,224,0.848,SU_bould,0.133,KE_sugar,0.009,MS,0.005,SU_cob,0.004,RE_leaf
image_11.jpg,690,2966,SU_bould,boulder,224,0.994,SU_bould,0.003,BR_sarg,0.002,SU_cob,0.000,RE_CCA,0.000,MS
image_11.jpg,1068,2966,RE_CCA,red_algae_encrusting_CCA,224,0.910,RE_CCA,0.087,SU_bould,0.003,KE_stipe,0.000,BR_sarg,0.000,SI
image_11.jpg,1447,2966,RE_CCA,red_algae_encrusting_CCA,224,0.991,RE_CCA,0.009,SU_bould,0.000,KE_stipe,0.000,BR_sarg,0.000,MS
image_11.jpg,1825,2966,RE_CCA,red_algae_encrusting_CCA,224,0.950,RE_CCA,0.046,RE_fil,0.003,SU_bould,0.001,BR_sarg,0.000,KE_stipe
image_11.jpg,2204,2966,SU_bould,boulder,224,0.886,SU_bould,0.056,RE_CCA,0.043,BR_sarg,0.010,BR_fucus,0.004,KE_stipe
image_11.jpg,2582,2966,RE_CCA,red_algae_encrusting_CCA,224,0.610,RE_CCA,0.390,SU_bould,0.000,BR_sarg,0.000,KE_stipe,0.000,SU_cob
image_11.jpg,2961,2966,SU_bould,boulder,224,0.997,SU_bould,0.002,KE_stipe,0.001,SU_cob,0.000,RE_CCA,0.000,MS
image_11.jpg,3339,2966,unknown,unknown_area,224,,,,,,,,,,
image_11.jpg,3718,2966,RE_fil,red_algae_filamentous,224,0.992,RE_fil,0.008,RE_branch,0.000,SI_kelpBry,0.000,RE_CCA,0.000,RE_leaf
image_11.jpg,312,3409,SU_bould,boulder,224,0.997,SU_bould,0.001,KE_sugar,0.001,KE_stipe,0.000,unknown,0.000,SI
image_11.jpg,690,3409,RE_CCA,red_algae_encrusting_CCA,224,0.639,RE_CCA,0.337,SU_bould,0.008,KE_stipe,0.007,SU_cob,0.005,BR_sarg
image_11.jpg,1068,3409,SU_bould,boulder,224,0.975,SU_bould,0.025,RE_CCA,0.000,SU_cob,0.000,KE_stipe,0.000,MS
image_11.jpg,1447,3409,RE_branch,red_algae_branching,224,0.699,RE_branch,0.209,SU_bould,0.036,RE_fil,0.031,MS,0.022,RE_CCA
image_11.jpg,1825,3409,RE_CCA,red_algae_encrusting_CCA,224,1.000,RE_CCA,0.000,SU_bould,0.000,BR_sarg,0.000,MS,0.000,SI
image_11.jpg,2204,3409,RE_CCA,red_algae_encrusting_CCA,224,0.747,RE_CCA,0.124,SU_bould,0.082,MS,0.015,BR_fucus,0.011,KE_stipe
image_11.jpg,2582,3409,RE_CCA,red_algae_encrusting_CCA,224,0.905,RE_CCA,0.093,BR_sarg,0.002,SU_bould,0.000,KE_stipe,0.000,MS
image_11.jpg,2961,3409,SU_bould,boulder,224,0.683,SU_bould,0.191,SU_cob,0.069,RE_branch,0.054,RE_CCA,0.002,KE_holdfas
image_11.jpg,3339,3409,SU_bould,boulder,224,0.944,SU_bould,0.053,SU_cob,0.001,SU_peb,0.000,KE_stipe,0.000,BR_fucus
image_11.jpg,3718,3409,SU_bould,boulder,224,,,,,,,,,,
image_11.jpg,312,3851,SU_bould,boulder,224,,,,,,,,,,
image_11.jpg,690,3851,SU_bould,boulder,224,0.991,SU_bould,0.006,BR_sarg,0.001,RE_branch,0.001,MS,0.000,SU_cob
image_11.jpg,1068,3851,RE_CCA,red_algae_encrusting_CCA,224,,,,,,,,,,
image_11.jpg,1447,3851,RE_CCA,red_algae_encrusting_CCA,224,0.906,RE_CCA,0.054,SI_kelpBry,0.026,RE_leaf,0.012,KE_sugar,0.001,MS
image_11.jpg,1825,3851,unknown,unknown_area,224,,,,,,,,,,
image_11.jpg,2204,3851,SU_bould,boulder,224,0.959,SU_bould,0.032,SU_cob,0.007,SU_peb,0.001,KE_stipe,0.000,RE_CCA
image_11.jpg,2582,3851,SU_bould,boulder,224,0.958,SU_bould,0.040,RE_CCA,0.001,SU_cob,0.000,SU_sand,0.000,BR_sarg
image_11.jpg,2961,3851,SU_bould,boulder,224,0.990,SU_bould,0.009,SU_peb,0.000,SU_cob,0.000,KE_stipe,0.000,BR_sarg
image_11.jpg,3339,3851,SU_bould,boulder,224,0.980,SU_bould,0.013,SU_cob,0.005,RE_CCA,0.001,MS,0.000,BR_sarg
image_11.jpg,3718,3851,RE_CCA,red_algae_encrusting_CCA,224,0.997,RE_CCA,0.002,SU_peb,0.001,SU_bould,0.000,MS,0.000,SU_sand
image_11.jpg,312,4294,SU_bould,boulder,224,,,,,,,,,,
image_11.jpg,690,4294,SU_bould,boulder,224,0.613,SU_bould,0.315,SU_cob,0.069,SU_peb,0.001,KE_stipe,0.001,SU_shell
image_11.jpg,1068,4294,SU_bould,boulder,224,,,,,,,,,,
image_11.jpg,1447,4294,SU_bould,boulder,224,0.600,SU_bould,0.322,RE_CCA,0.078,KE_stipe,0.000,SU_cob,0.000,KE_bull
image_11.jpg,1825,4294,SU_bould,boulder,224,0.984,SU_bould,0.015,KE_bull,0.000,SU_cob,0.000,RE_CCA,0.000,KE_stipe
image_11.jpg,2204,4294,SU_bould,boulder,224,0.980,SU_bould,0.013,SU_cob,0.005,SU_shell,0.002,RE_CCA,0.001,SU_peb
image_11.jpg,2582,4294,SU_bould,boulder,224,1.000,SU_bould,0.000,SU_cob,0.000,SU_peb,0.000,KE_stipe,0.000,KE_bull
image_11.jpg,2961,4294,RE_leaf,red_algae_flat_leaf,224,0.573,RE_leaf,0.366,SU_peb,0.044,KE_stipe,0.013,MS,0.001,KE_5rib
image_11.jpg,3339,4294,SU_bould,boulder,224,,,,,,,,,,
image_11.jpg,3718,4294,unknown,unknown_area,224,,,,,,,,,,
image_12.jpg,312,312,SU_sand,sand_fine_shell,224,0.999,SU_sand,0.001,SU_peb,0.000,SU_silt,0.000,SU_shell,0.000,MS
image_12.jpg,690,312,SU_sand,sand_fine_shell,224,1.000,SU_sand,0.000,SU_silt,0.000,SU_peb,0.000,SU_shell,0.000,SI_kelpBry
image_12.jpg,1068,312,SU_peb,pebble,224,1.000,SU_peb,0.000,SU_sand,0.000,SU_shell,0.000,BR_sarg,0.000,GR_ulva
image_12.jpg,1447,312,SU_sand,sand_fine_shell,224,0.992,SU_sand,0.008,SU_peb,0.000,SU_cob,0.000,SU_silt,0.000,SI_kelpBry
image_12.jpg,1825,312,SU_peb,pebble,224,0.959,SU_peb,0.029,SU_bould,0.011,SU_cob,0.000,SU_silt,0.000,SU_shell
image_12.jpg,2204,312,SU_peb,pebble,224,,,,,,,,,,
image_12.jpg,2582,312,SU_peb,pebble,224,0.985,SU_peb,0.015,SU_cob,0.000,SU_bould,0.000,SU_silt,0.000,GR_ulva
image_12.jpg,2961,312,SU_sand,sand_fine_shell,224,0.979,SU_sand,0.020,SU_silt,0.001,SU_peb,0.000,SU_shell,0.000,SI_kelpBry
image_12.jpg,3339,312,SU_peb,pebble,224,0.896,SU_peb,0.100,SU_sand,0.002,SU_bould,0.001,SU_cob,0.001,SU_silt
image_12.jpg,3718,312,SU_peb,pebble,224,1.000,SU_peb,0.000,SU_cob,0.000,SU_shell,0.000,SU_bould,0.000,GR_ulva
image_12.jpg,312,754,SU_peb,pebble,224,0.941,SU_peb,0.057,SU_silt,0.001,SU_sand,0.000,SU_cob,0.000,SU_bould
image_12.jpg,690,754,SU_peb,pebble,224,1.000,SU_peb,0.000,SU_silt,0.000,SU_sand,0.000,SU_shell,0.000,SU_bould
image_12.jpg,1068,754,SU_sand,sand_fine_shell,224,1.000,SU_sand,0.000,SU_peb,0.000,SU_silt,0.000,SU_cob,0.000,SI_kelpBry
image_12.jpg,1447,754,RE_branch,red_algae_branching,224,0.999,RE_branch,0.001,SU_silt,0.000,RE_bush,0.000,KE_holdfas,0.000,BR_sarg
image_12.jpg,1825,754,RE_branch,red_algae_branching,224,0.995,RE_branch,0.005,RE_bush,0.000,BR_sarg,0.000,KE_holdfas,0.000,KE_5rib
image_12.jpg,2204,754,SU_peb,pebble,224,0.851,SU_peb,0.095,SU_cob,0.040,RE_branch,0.007,SU_bould,0.003,SU_sand
image_12.jpg,2582,754,SU_peb,pebble,224,1.000,SU_peb,0.000,SU_cob,0.000,SU_bould,0.000,KE_stipe,0.000,MS
image_12.jpg,2961,754,SU_sand,sand_fine_shell,224,1.000,SU_sand,0.000,SU_peb,0.000,SU_silt,0.000,RE_branch,0.000,SI_kelpBry
image_12.jpg,3339,754,SU_bould,boulder,224,0.725,SU_bould,0.250,SU_cob,0.020,SU_peb,0.002,BR_sarg,0.001,SU_silt
image_12.jpg,3718,754,SU_peb,pebble,224,0.897,SU_peb,0.086,SU_cob,0.016,SU_bould,0.000,MS,0.000,SU_sand
image_12.jpg,312,1196,SU_peb,pebble,224,0.564,SU_peb,0.266,SU_silt,0.118,SU_bould,0.036,SU_sand,0.012,SU_cob
image_12.jpg,690,1196,SU_peb,pebble,224,0.999,SU_peb,0.001,SU_sand,0.000,SU_silt,0.000,SU_shell,0.000,SU_bould
image_12.jpg,1068,1196,SU_peb,pebble,224,0.758,SU_peb,0.242,SU_sand,0.000,SU_silt,0.000,SU_bould,0.000,SU_cob
image_12.jpg,1447,1196,RE_branch,red_algae_branching,224,0.736,RE_branch,0.258,SU_peb,0.006,SU_bould,0.000,SU_sand,0.000,SU_cob
image_12.jpg,1825,1196,RE_branch,red_algae_branching,224,1.000,RE_branch,0.000,BR_sarg,0.000,RE_bush,0.000,KE_holdfas,0.000,RE_leaf
image_12.jpg,2204,1196,RE_branch,red_algae_branching,224,0.924,RE_branch,0.058,BR_sarg,0.011,KE_holdfas,0.004,RE_fil,0.001,RE_bush
image_12.jpg,2582,1196,SU_peb,pebble,224,0.999,SU_peb,0.001,SU_bould,0.001,SU_cob,0.000,RE_branch,0.000,KE_stipe
image_12.jpg,2961,1196,SU_peb,pebble,224,0.996,SU_peb,0.003,SU_sand,0.000,SU_silt,0.000,SU_cob,0.000,SU_bould
image_12.jpg,3339,1196,SU_peb,pebble,224,,,,,,,,,,
image_12.jpg,3718,1196,RE_branch,red_algae_branching,224,,,,,,,,,,
image_12.jpg,312,1639,SU_peb,pebble,224,0.972,SU_peb,0.025,SU_cob,0.002,SU_bould,0.000,KE_stipe,0.000,MS
image_12.jpg,690,1639,SU_peb,pebble,224,0.977,SU_peb,0.023,SU_bould,0.000,KE_bull,0.000,SI,0.000,SU_shell
image_12.jpg,1068,1639,SU_peb,pebble,224,1.000,SU_peb,0.000,SU_sand,0.000,KE_stipe,0.000,SU_silt,0.000,SU_cob
image_12.jpg,1447,1639,RE_branch,red_algae_branching,224,0.997,RE_branch,0.001,SU_peb,0.001,RE_bush,0.000,SU_silt,0.000,SU_bould
image_12.jpg,1825,1639,RE_branch,red_algae_branching,224,,,,,,,,,,
image_12.jpg,2204,1639,SU_cob,cobble,224,,,,,,,,,,
image_12.jpg,2582,1639,SU_peb,pebble,224,0.999,SU_peb,0.001,SU_sand,0.000,SU_shell,0.000,SU_cob,0.000,SU_bould
image_12.jpg,2961,1639,RE_leaf,red_algae_flat_leaf,224,0.999,RE_leaf,0.001,SU_peb,0.000,GR_ulva,0.000,SI,0.000,KE_bull
image_12.jpg,3339,1639,RE_leaf,red_algae_flat_leaf,224,0.907,RE_leaf,0.049,RE_branch,0.016,KE_stipe,0.013,SU_peb,0.009,SU_bould
image_12.jpg,3718,1639,SU_cob,cobble,224,,,,,,,,,,
image_12.jpg,312,2081,SU_peb,pebble,224,1.000,SU_peb,0.000,SU_sand,0.000,KE_stipe,0.000,SI,0.000,SU_bould
image_12.jpg,690,2081,RE_bush,red_algae_bushy,224,0.864,RE_bush,0.069,SI,0.045,SU_peb,0.016,RE_branch,0.002,SU_bould
image_12.jpg,1068,2081,RE_bush,red_algae_bushy,224,,,,,,,,,,
image_12.jpg,1447,2081,RE_branch,red_algae_branching,224,1.000,RE_branch,0.000,MS,0.000,RE_bush,0.000,RE_leaf,0.000,SI
image_12.jpg,1825,2081,SU_bould,boulder,224,,,,,,,,,,
image_12.jpg,2204,2081,SU_bould,boulder,224,0.996,SU_bould,0.003,SU_cob,0.001,SU_peb,0.000,RE_CCA,0.000,MS
image_12.jpg,2582,2081,SU_sand,sand_fine_shell,224,0.756,SU_sand,0.211,SU_peb,0.023,RE_branch,0.007,SU_silt,0.002,BR_sarg
image_12.jpg,2961,2081,RE_leaf,red_algae_flat_leaf,224,,,,,,,,,,
image_12.jpg,3339,2081,RE_branch,red_algae_branching,224,,,,,,,,,,
image_12.jpg,3718,2081,SU_bould,boulder,224,0.921,SU_bould,0.076,SU_cob,0.002,SU_peb,0.001,RE_CCA,0.001,KE_stipe
image_12.jpg,312,2524,RE_leaf,red_algae_flat_leaf,224,0.992,RE_leaf,0.005,SU_bould,0.002,SU_peb,0.001,KE_sugar,0.000,SU_cob
image_12.jpg,690,2524,SU_peb,pebble,224,0.999,SU_peb,0.001,SU_sand,0.000,KE_stipe,0.000,RE_branch,0.000,SU_bould
image_12.jpg,1068,2524,SU_sand,sand_fine_shell,224,0.823,SU_sand,0.172,SU_peb,0.005,SU_silt,0.000,RE_branch,0.000,MS
image_12.jpg,1447,2524,SU_peb,pebble,224,1.000,SU_peb,0.000,SU_sand,0.000,KE_stipe,0.000,MS,0.000,SU_bould
image_12.jpg,1825,2524,SU_bould,boulder,224,,,,,,,,,,
image_12.jpg,2204,2524,SU_bould,boulder,224,0.564,SU_bould,0.244,RE_CCA,0.176,SU_cob,0.013,SU_silt,0.001,SU_peb
image_12.jpg,2582,2524,RE_leaf,red_algae_flat_leaf,224,,,,,,,,,,
image_12.jpg,2961,2524,SU_bould,boulder,224,0.826,SU_bould,0.107,RE_branch,0.035,MS,0.023,SU_peb,0.005,SU_cob
image_12.jpg,3339,2524,SU_bould,boulder,224,,,,,,,,,,
image_12.jpg,3718,2524,SU_peb,pebble,224,1.000,SU_peb,0.000,KE_stipe,0.000,SU_bould,0.000,MS,0.000,RE_branch
image_12.jpg,312,2966,SU_peb,pebble,224,1.000,SU_peb,0.000,KE_stipe,0.000,SU_sand,0.000,MS,0.000,RE_branch
image_12.jpg,690,2966,SU_sand,sand_fine_shell,224,0.864,SU_sand,0.110,SU_peb,0.024,SU_bould,0.001,SU_silt,0.000,SU_cob
image_12.jpg,1068,2966,RE_branch,red_algae_branching,224,0.945,RE_branch,0.043,SU_bould,0.005,RE_CCA,0.003,MS,0.002,BR_sarg
image_12.jpg,1447,2966,RE_branch,red_algae_branching,224,,,,,,,,,,
image_12.jpg,1825,2966,SU_sand,sand_fine_shell,224,0.995,SU_sand,0.005,SU_silt,0.000,SU_shell,0.000,RE_CCA,0.000,SU_bould
image_12.jpg,2204,2966,SU_cob,cobble,224,,,,,,,,,,
image_12.jpg,2582,2966,SU_bould,boulder,224,,,,,,,,,,
image_12.jpg,2961,2966,SU_cob,cobble,224,,,,,,,,,,
image_12.jpg,3339,2966,SU_bould,boulder,224,,,,,,,,,,
image_12.jpg,3718,2966,SU_bould,boulder,224,,,,,,,,,,
image_12.jpg,312,3409,SU_peb,pebble,224,0.538,SU_peb,0.459,SU_sand,0.001,SU_cob,0.001,SU_silt,0.000,SU_bould
image_12.jpg,690,3409,SU_sand,sand_fine_shell,224,,,,,,,,,,
image_12.jpg,1068,3409,SU_bould,boulder,224,,,,,,,,,,
image_12.jpg,1447,3409,SU_bould,boulder,224,,,,,,,,,,
image_12.jpg,1825,3409,SU_peb,pebble,224,0.994,SU_peb,0.005,SU_sand,0.001,RE_bush,0.000,SU_bould,0.000,SU_cob
image_12.jpg,2204,3409,SU_cob,cobble,224,,,,,,,,,,
image_12.jpg,2582,3409,SU_peb,pebble,224,1.000,SU_peb,0.000,SU_sand,0.000,KE_stipe,0.000,MS,0.000,SI
image_12.jpg,2961,3409,SU_peb,pebble,224,1.000,SU_peb,0.000,SU_sand,0.000,KE_stipe,0.000,MS,0.000,SI
image_12.jpg,3339,3409,SU_peb,pebble,224,,,,,,,,,,
image_12.jpg,3718,3409,SU_sand,sand_fine_shell,224,1.000,SU_sand,0.000,SU_silt,0.000,SU_peb,0.000,SU_cob,0.000,MS
image_12.jpg,312,3851,SU_bould,boulder,224,0.854,SU_bould,0.129,SU_cob,0.012,SU_silt,0.002,MS,0.001,SU_peb
image_12.jpg,690,3851,RE_CCA,red_algae_encrusting_CCA,224,,,,,,,,,,
image_12.jpg,1068,3851,SU_bould,boulder,224,,,,,,,,,,
image_12.jpg,1447,3851,SU_bould,boulder,224,,,,,,,,,,
image_12.jpg,1825,3851,RE_branch,red_algae_branching,224,,,,,,,,,,
image_12.jpg,2204,3851,RE_branch,red_algae_branching,224,,,,,,,,,,
image_12.jpg,2582,3851,SU_peb,pebble,224,,,,,,,,,,
image_12.jpg,2961,3851,SU_peb,pebble,224,1.000,SU_peb,0.000,SU_sand,0.000,SU_shell,0.000,SU_silt,0.000,SU_bould
image_12.jpg,3339,3851,SU_peb,pebble,224,0.998,SU_peb,0.002,SU_sand,0.000,SU_shell,0.000,SU_silt,0.000,SI
image_12.jpg,3718,3851,SU_sand,sand_fine_shell,224,1.000,SU_sand,0.000,SU_silt,0.000,SU_peb,0.000,SU_cob,0.000,SU_shell
image_12.jpg,312,4294,RE_branch,red_algae_branching,224,0.997,RE_branch,0.002,SU_bould,0.000,MS,0.000,RE_bush,0.000,SU_cob
image_12.jpg,690,4294,SU_bould,boulder,224,0.965,SU_bould,0.030,RE_branch,0.003,SU_cob,0.000,MS,0.000,RE_bush
image_12.jpg,1068,4294,SU_bould,boulder,224,,,,,,,,,,
image_12.jpg,1447,4294,SU_bould,boulder,224,0.537,SU_bould,0.319,SU_cob,0.143,SU_sand,0.000,SU_silt,0.000,SU_peb
image_12.jpg,1825,4294,RE_branch,red_algae_branching,224,0.903,RE_branch,0.035,SU_silt,0.034,RE_bush,0.023,KE_5rib,0.004,SU_cob
image_12.jpg,2204,4294,RE_branch,red_algae_branching,224,0.999,RE_branch,0.001,SU_cob,0.000,RE_bush,0.000,MS,0.000,SU_bould
image_12.jpg,2582,4294,SU_peb,pebble,224,0.999,SU_peb,0.001,SU_shell,0.000,SU_sand,0.000,SU_bould,0.000,SI
image_12.jpg,2961,4294,SU_cob,cobble,224,,,,,,,,,,
image_12.jpg,3339,4294,SU_sand,sand_fine_shell,224,0.993,SU_sand,0.007,SU_peb,0.000,SU_silt,0.000,SU_bould,0.000,SU_shell
image_12.jpg,3718,4294,SU_peb,pebble,224,0.997,SU_peb,0.003,SU_sand,0.000,SU_silt,0.000,SU_shell,0.000,RE_bush
image_13.jpg,312,312,SU_silt,silt,224,1.000,SU_silt,0.000,SU_shell,0.000,SU_peb,0.000,SU_sand,0.000,SU_cob
image_13.jpg,690,312,SU_sand,sand_fine_shell,224,1.000,SU_sand,0.000,SU_silt,0.000,SU_cob,0.000,SU_shell,0.000,SU_peb
image_13.jpg,1068,312,SU_sand,sand_fine_shell,224,0.998,SU_sand,0.002,SU_silt,0.000,SU_shell,0.000,SI_kelpBry,0.000,SU_peb
image_13.jpg,1447,312,SU_sand,sand_fine_shell,224,0.897,SU_sand,0.103,SU_silt,0.000,RE_CCA,0.000,SI_kelpBry,0.000,SU_shell
image_13.jpg,1825,312,RE_leaf,red_algae_flat_leaf,224,,,,,,,,,,
image_13.jpg,2204,312,RE_leaf,red_algae_flat_leaf,224,0.670,RE_leaf,0.306,SU_peb,0.017,MS,0.002,SU_silt,0.002,KE_stipe
image_13.jpg,2582,312,SU_silt,silt,224,0.954,SU_silt,0.046,SU_sand,0.000,SU_shell,0.000,RE_branch,0.000,SU_peb
image_13.jpg,2961,312,SU_silt,silt,224,0.992,SU_silt,0.007,SU_sand,0.001,SU_peb,0.000,SU_shell,0.000,RE_branch
image_13.jpg,3339,312,SU_silt,silt,224,1.000,SU_silt,0.000,SU_shell,0.000,RE_bush,0.000,RE_branch,0.000,SU_peb
image_13.jpg,3718,312,SU_silt,silt,224,1.000,SU_silt,0.000,SU_shell,0.000,SU_sand,0.000,MS,0.000,RE_bush
image_13.jpg,312,754,SU_sand,sand_fine_shell,224,0.981,SU_sand,0.019,SU_silt,0.000,SU_shell,0.000,SU_peb,0.000,SU_cob
image_13.jpg,690,754,SU_sand,sand_fine_shell,224,1.000,SU_sand,0.000,SU_silt,0.000,SU_cob,0.000,SU_peb,0.000,SI_kelpBry
image_13.jpg,1068,754,RE_bush,red_algae_bushy,224,0.594,RE_bush,0.279,MS,0.052,SU_bould,0.033,SU_cob,0.017,RE_branch
image_13.jpg,1447,754,SU_bould,boulder,224,,,,,,,,,,
image_13.jpg,1825,754,SU_bould,boulder,224,,,,,,,,,,
image_13.jpg,2204,754,RE_branch,red_algae_branching,224,,,,,,,,,,
image_13.jpg,2582,754,SU_silt,silt,224,1.000,SU_silt,0.000,SU_shell,0.000,RE_branch,0.000,SU_sand,0.000,SU_bould
image_13.jpg,2961,754,SU_sand,sand_fine_shell,224,0.588,SU_sand,0.411,SU_silt,0.000,SU_shell,0.000,RE_branch,0.000,SU_cob
image_13.jpg,3339,754,SU_silt,silt,224,0.999,SU_silt,0.001,SU_shell,0.000,MS,0.000,SU_bould,0.000,RE_branch
image_13.jpg,3718,754,SU_silt,silt,224,1.000,SU_silt,0.000,SU_shell,0.000,SU_bould,0.000,SU_cob,0.000,MS
image_13.jpg,312,1196,SU_sand,sand_fine_shell,224,,,,,,,,,,
image_13.jpg,690,1196,RE_leaf,red_algae_flat_leaf,224,0.422,RE_leaf,0.284,KE_sugar,0.213,SU_peb,0.052,BR_fucus,0.012,SU_shell
image_13.jpg,1068,1196,RE_branch,red_algae_branching,224,0.952,RE_branch,0.048,MS,0.000,SU_bould,0.000,SU_cob,0.000,RE_leaf
image_13.jpg,1447,1196,SU_bould,boulder,224,,,,,,,,,,
image_13.jpg,1825,1196,SU_bould,boulder,224,,,,,,,,,,
image_13.jpg,2204,1196,SU_bould,boulder,224,,,,,,,,,,
image_13.jpg,2582,1196,SU_bould,boulder,224,,,,,,,,,,
image_13.jpg,2961,1196,SU_bould,boulder,224,,,,,,,,,,
image_13.jpg,3339,1196,SU_sand,sand_fine_shell,224,,,,,,,,,,
image_13.jpg,3718,1196,RE_branch,red_algae_branching,224,,,,,,,,,,
image_13.jpg,312,1639,SU_sand,sand_fine_shell,224,0.988,SU_sand,0.006,SU_cob,0.003,SU_silt,0.002,SU_shell,0.000,SU_peb
image_13.jpg,690,1639,SU_sand,sand_fine_shell,224,0.999,SU_sand,0.001,SU_silt,0.000,RE_branch,0.000,SU_cob,0.000,SI_kelpBry
image_13.jpg,1068,1639,SU_silt,silt,224,1.000,SU_silt,0.000,MS,0.000,SU_shell,0.000,SU_bould,0.000,RE_branch
image_13.jpg,1447,1639,SU_bould,boulder,224,0.727,SU_bould,0.147,RE_branch,0.091,RE_bush,0.023,SU_peb,0.005,MS
image_13.jpg,1825,1639,SU_bould,boulder,224,,,,,,,,,,
image_13.jpg,2204,1639,SU_peb,pebble,224,0.822,SU_peb,0.115,RE_leaf,0.030,RE_bush,0.017,MS,0.006,SI
image_13.jpg,2582,1639,SU_bould,boulder,224,,,,,,,,,,
image_13.jpg,2961,1639,SU_bould,boulder,224,0.753,SU_bould,0.145,SU_cob,0.061,SU_peb,0.032,SU_silt,0.005,KE_stipe
image_13.jpg,3339,1639,SU_silt,silt,224,,,,,,,,,,
image_13.jpg,3718,1639,SU_silt,silt,224,0.995,SU_silt,0.002,RE_branch,0.002,SU_sand,0.000,RE_bush,0.000,SU_peb
image_13.jpg,312,2081,SU_sand,sand_fine_shell,224,0.743,SU_sand,0.257,SU_silt,0.000,SU_shell,0.000,SU_cob,0.000,SU_peb
image_13.jpg,690,2081,RE_branch,red_algae_branching,224,0.997,RE_branch,0.003,RE_bush,0.001,RE_leaf,0.000,SU_peb,0.000,MS
image_13.jpg,1068,2081,RE_branch,red_algae_branching,224,0.983,RE_branch,0.012,SU_bould,0.003,SU_peb,0.002,SU_silt,0.000,SU_cob
image_13.jpg,1447,2081,SU_anth,anthropogenic,224,,,,,,,,,,
image_13.jpg,1825,2081,RE_leaf,red_algae_flat_leaf,224,0.501,RE_leaf,0.481,RE_branch,0.017,SU_peb,0.001,KE_stipe,0.000,SU_cob
image_13.jpg,2204,2081,RE_branch,red_algae_branching,224,0.980,RE_branch,0.012,SU_peb,0.005,RE_leaf,0.001,SU_bould,0.001,MS
image_13.jpg,2582,2081,RE_leaf,red_algae_flat_leaf,224,1.000,RE_leaf,0.000,GR_ulva,0.000,MS,0.000,unknown,0.000,SI
image_13.jpg,2961,2081,RE_leaf,red_algae_flat_leaf,224,0.975,RE_leaf,0.021,GR_ulva,0.003,SU_peb,0.001,SI,0.000,RE_fil
image_13.jpg,3339,2081,SU_silt,silt,224,0.999,SU_silt,0.001,SU_sand,0.000,SU_peb,0.000,RE_branch,0.000,SU_shell
image_13.jpg,3718,2081,SU_sand,sand_fine_shell,224,0.842,SU_sand,0.158,SU_silt,0.000,SU_shell,0.000,SU_peb,0.000,SU_cob
image_13.jpg,312,2524,SU_sand,sand_fine_shell,224,1.000,SU_sand,0.000,SU_silt,0.000,SU_cob,0.000,SU_shell,0.000,SU_peb
image_13.jpg,690,2524,SU_sand,sand_fine_shell,224,0.929,SU_sand,0.034,SU_silt,0.018,SU_bould,0.012,RE_branch,0.003,SU_cob
image_13.jpg,1068,2524,RE_branch,red_algae_branching,224,,,,,,,,,,
image_13.jpg,1447,2524,RE_branch,red_algae_branching,224,0.994,RE_branch,0.003,SU_bould,0.001,MS,0.000,RE_bush,0.000,SU_cob
image_13.jpg,1825,2524,SU_bould,boulder,224,0.923,SU_bould,0.031,RE_branch,0.021,RE_fil,0.009,RE_CCA,0.004,BR_sarg
image_13.jpg,2204,2524,SU_bould,boulder,224,,,,,,,,,,
image_13.jpg,2582,2524,SU_bould,boulder,224,,,,,,,,,,
image_13.jpg,2961,2524,RE_leaf,red_algae_flat_leaf,224,0.943,RE_leaf,0.039,SI,0.005,SU_peb,0.005,SU_bould,0.003,MS
image_13.jpg,3339,2524,RE_leaf,red_algae_flat_leaf,224,,,,,,,,,,
image_13.jpg,3718,2524,SU_sand,sand_fine_shell,224,0.999,SU_sand,0.001,SU_silt,0.000,SU_cob,0.000,SU_peb,0.000,SU_bould
image_13.jpg,312,2966,SU_sand,sand_fine_shell,224,0.986,SU_sand,0.012,SU_cob,0.001,SU_bould,0.000,SU_peb,0.000,SU_shell
image_13.jpg,690,2966,SU_bould,boulder,224,,,,,,,,,,
image_13.jpg,1068,2966,RE_branch,red_algae_branching,224,,,,,,,,,,
image_13.jpg,1447,2966,RE_branch,red_algae_branching,224,1.000,RE_branch,0.000,RE_leaf,0.000,BR_sarg,0.000,RE_CCA,0.000,RE_bush
image_13.jpg,1825,2966,SU_bould,boulder,224,0.721,SU_bould,0.188,RE_fil,0.069,MS,0.006,BR_sarg,0.004,KE_holdfas
image_13.jpg,2204,2966,SU_bould,boulder,224,,,,,,,,,,
image_13.jpg,2582,2966,SU_bould,boulder,224,,,,,,,,,,
image_13.jpg,2961,2966,RE_branch,red_algae_branching,224,,,,,,,,,,
image_13.jpg,3339,2966,RE_leaf,red_algae_flat_leaf,224,,,,,,,,,,
image_13.jpg,3718,2966,SU_silt,silt,224,,,,,,,,,,
image_13.jpg,312,3409,RE_branch,red_algae_branching,224,0.700,RE_branch,0.293,SU_peb,0.003,BR_fucus,0.002,SU_cob,0.001,RE_bush
image_13.jpg,690,3409,SU_bould,boulder,224,,,,,,,,,,
image_13.jpg,1068,3409,SU_bould,boulder,224,0.814,SU_bould,0.099,RE_branch,0.046,SU_cob,0.017,MS,0.010,RE_CCA
image_13.jpg,1447,3409,SU_bould,boulder,224,,,,,,,,,,
image_13.jpg,1825,3409,SU_bould,boulder,224,,,,,,,,,,
image_13.jpg,2204,3409,SU_bould,boulder,224,,,,,,,,,,
image_13.jpg,2582,3409,SU_sand,sand_fine_shell,224,0.999,SU_sand,0.001,SU_peb,0.000,SU_silt,0.000,SU_cob,0.000,MS
image_13.jpg,2961,3409,SU_sand,sand_fine_shell,224,,,,,,,,,,
image_13.jpg,3339,3409,SU_silt,silt,224,1.000,SU_silt,0.000,SU_sand,0.000,SU_shell,0.000,MS,0.000,SU_bould
image_13.jpg,3718,3409,SU_sand,sand_fine_shell,224,0.983,SU_sand,0.017,SU_silt,0.000,SU_shell,0.000,SU_cob,0.000,RE_CCA
image_13.jpg,312,3851,SU_sand,sand_fine_shell,224,0.917,SU_sand,0.060,SU_silt,0.014,SU_cob,0.006,MS,0.001,SU_peb
image_13.jpg,690,3851,SU_bould,boulder,224,,,,,,,,,,
image_13.jpg,1068,3851,RE_branch,red_algae_branching,224,0.992,RE_branch,0.005,SU_bould,0.001,SU_cob,0.001,RE_CCA,0.000,RE_leaf
image_13.jpg,1447,3851,SU_bould,boulder,224,,,,,,,,,,
image_13.jpg,1825,3851,SU_anth,anthropogenic,224,,,,,,,,,,
image_13.jpg,2204,3851,SU_sand,sand_fine_shell,224,0.997,SU_sand,0.003,SU_silt,0.000,SI_kelpBry,0.000,SU_cob,0.000,SU_shell
image_13.jpg,2582,3851,SU_sand,sand_fine_shell,224,1.000,SU_sand,0.000,SU_silt,0.000,RE_CCA,0.000,SU_shell,0.000,SI_kelpBry
image_13.jpg,2961,3851,SU_sand,sand_fine_shell,224,1.000,SU_sand,0.000,SU_silt,0.000,SU_shell,0.000,RE_CCA,0.000,SI_kelpBry
image_13.jpg,3339,3851,SU_sand,sand_fine_shell,224,1.000,SU_sand,0.000,SU_silt,0.000,SU_peb,0.000,SU_shell,0.000,SI_kelpBry
image_13.jpg,3718,3851,SU_sand,sand_fine_shell,224,0.996,SU_sand,0.004,SU_silt,0.000,SU_cob,0.000,SU_shell,0.000,SU_peb
image_13.jpg,312,4294,SU_silt,silt,224,0.855,SU_silt,0.132,SU_sand,0.013,SU_shell,0.000,SU_cob,0.000,SU_bould
image_13.jpg,690,4294,SU_sand,sand_fine_shell,224,0.999,SU_sand,0.001,SU_silt,0.000,SU_cob,0.000,SI_kelpBry,0.000,SU_bould
image_13.jpg,1068,4294,SU_sand,sand_fine_shell,224,0.528,SU_sand,0.359,SU_bould,0.079,SU_cob,0.023,SU_silt,0.009,SU_peb
image_13.jpg,1447,4294,RE_branch,red_algae_branching,224,,,,,,,,,,
image_13.jpg,1825,4294,SU_anth,anthropogenic,224,,,,,,,,,,
image_13.jpg,2204,4294,SU_sand,sand_fine_shell,224,0.730,SU_sand,0.111,RE_branch,0.080,RE_leaf,0.036,SU_silt,0.022,SI_kelpBry
image_13.jpg,2582,4294,SU_sand,sand_fine_shell,224,0.848,SU_sand,0.152,SU_silt,0.000,RE_branch,0.000,SI_kelpBry,0.000,SU_shell
image_13.jpg,2961,4294,SU_sand,sand_fine_shell,224,0.985,SU_sand,0.015,SU_silt,0.000,SI_kelpBry,0.000,RE_CCA,0.000,SU_shell
image_13.jpg,3339,4294,SU_silt,silt,224,1.000,SU_silt,0.000,SU_shell,0.000,SU_sand,0.000,RE_bush,0.000,RE_branch
image_13.jpg,3718,4294,SU_sand,sand_fine_shell,224,0.886,SU_sand,0.112,SU_silt,0.001,SU_shell,0.000,SU_peb,0.000,SU_cob
image_14.jpg,312,312,SU_peb,pebble,224,1.000,SU_peb,0.000,SU_sand,0.000,SU_cob,0.000,MS,0.000,SU_shell
image_14.jpg,690,312,SU_peb,pebble,224,0.999,SU_peb,0.001,SU_sand,0.000,SU_silt,0.000,SU_cob,0.000,SU_shell
image_14.jpg,1068,312,SU_peb,pebble,224,1.000,SU_peb,0.000,SU_cob,0.000,SU_sand,0.000,SU_bould,0.000,SU_shell
image_14.jpg,1447,312,SU_peb,pebble,224,1.000,SU_peb,0.000,SU_sand,0.000,SU_cob,0.000,KE_stipe,0.000,SU_bould
image_14.jpg,1825,312,SU_peb,pebble,224,1.000,SU_peb,0.000,SU_shell,0.000,SU_bould,0.000,SU_cob,0.000,SU_sand
image_14.jpg,2204,312,SU_peb,pebble,224,0.999,SU_peb,0.001,SU_cob,0.000,SU_bould,0.000,SU_shell,0.000,KE_stipe
image_14.jpg,2582,312,RE_bush,red_algae_bushy,224,0.481,RE_bush,0.327,SU_peb,0.103,BR_fucus,0.088,KE_holdfas,0.000,BR_sarg
image_14.jpg,2961,312,SU_peb,pebble,224,1.000,SU_peb,0.000,SU_shell,0.000,SU_sand,0.000,SU_cob,0.000,RE_bush
image_14.jpg,3339,312,SU_cob,cobble,224,0.591,SU_cob,0.397,SU_peb,0.005,SU_bould,0.004,RE_branch,0.001,MS
image_14.jpg,3718,312,SU_peb,pebble,224,0.998,SU_peb,0.002,SU_cob,0.000,SU_shell,0.000,SU_silt,0.000,KE_stipe
image_14.jpg,312,754,SU_peb,pebble,224,0.800,SU_peb,0.198,SU_shell,0.001,SU_cob,0.000,SU_bould,0.000,MS
image_14.jpg,690,754,SU_peb,pebble,224,1.000,SU_peb,0.000,MS,0.000,SU_shell,0.000,KE_stipe,0.000,SU_bould
image_14.jpg,1068,754,SU_peb,pebble,224,0.881,SU_peb,0.119,SU_sand,0.000,SU_silt,0.000,KE_stipe,0.000,SU_cob
image_14.jpg,1447,754,SU_sand,sand_fine_shell,224,1.000,SU_sand,0.000,SU_peb,0.000,SU_silt,0.000,SU_shell,0.000,MS
image_14.jpg,1825,754,SU_peb,pebble,224,0.995,SU_peb,0.002,RE_branch,0.001,SU_cob,0.001,RE_leaf,0.000,SU_sand
image_14.jpg,2204,754,SU_peb,pebble,224,1.000,SU_peb,0.000,SU_sand,0.000,SU_shell,0.000,KE_stipe,0.000,KE_bull
image_14.jpg,2582,754,SU_peb,pebble,224,0.999,SU_peb,0.001,SU_cob,0.000,SU_bould,0.000,SU_sand,0.000,KE_stipe
image_14.jpg,2961,754,SU_peb,pebble,224,1.000,SU_peb,0.000,KE_stipe,0.000,SU_sand,0.000,MS,0.000,RE_branch
image_14.jpg,3339,754,SU_peb,pebble,224,0.997,SU_peb,0.003,SU_sand,0.000,SU_silt,0.000,SU_shell,0.000,KE_stipe
image_14.jpg,3718,754,SU_peb,pebble,224,1.000,SU_peb,0.000,SU_shell,0.000,SU_cob,0.000,SU_sand,0.000,SU_silt
image_14.jpg,312,1196,SU_sand,sand_fine_shell,224,0.522,SU_sand,0.467,SU_peb,0.010,SU_silt,0.000,SU_bould,0.000,SU_shell
image_14.jpg,690,1196,SU_peb,pebble,224,0.701,SU_peb,0.298,SU_sand,0.000,SU_silt,0.000,KE_stipe,0.000,MS
image_14.jpg,1068,1196,SU_peb,pebble,224,0.819,SU_peb,0.118,SU_cob,0.059,SU_bould,0.002,RE_branch,0.000,SU_sand
image_14.jpg,1447,1196,SU_peb,pebble,224,1.000,SU_peb,0.000,SU_sand,0.000,KE_stipe,0.000,SU_bould,0.000,MS
image_14.jpg,1825,1196,SU_peb,pebble,224,1.000,SU_peb,0.000,SU_sand,0.000,SU_shell,0.000,MS,0.000,KE_stipe
image_14.jpg,2204,1196,SU_peb,pebble,224,0.978,SU_peb,0.014,SU_cob,0.006,SU_silt,0.001,SU_bould,0.000,SU_sand
image_14.jpg,2582,1196,SU_peb,pebble,224,1.000,SU_peb,0.000,MS,0.000,SU_bould,0.000,KE_stipe,0.000,SU_cob
image_14.jpg,2961,1196,SU_cob,cobble,224,,,,,,,,,,
image_14.jpg,3339,1196,SU_peb,pebble,224,1.000,SU_peb,0.000,SU_bould,0.000,SU_shell,0.000,KE_stipe,0.000,SU_sand
image_14.jpg,3718,1196,SU_peb,pebble,224,1.000,SU_peb,0.000,KE_stipe,0.000,SU_silt,0.000,SU_cob,0.000,SU_shell
image_14.jpg,312,1639,SU_silt,silt,224,0.870,SU_silt,0.124,SU_sand,0.006,SU_shell,0.000,MS,0.000,SU_peb
image_14.jpg,690,1639,RE_leaf,red_algae_flat_leaf,224,,,,,,,,,,
image_14.jpg,1068,1639,SU_peb,pebble,224,1.000,SU_peb,0.000,SU_sand,0.000,KE_stipe,0.000,SU_shell,0.000,KE_bull
image_14.jpg,1447,1639,SU_peb,pebble,224,1.000,SU_peb,0.000,SU_sand,0.000,KE_stipe,0.000,SU_shell,0.000,SU_silt
image_14.jpg,1825,1639,KE_holdfas,kelp_holdfast,224,0.608,KE_holdfas,0.199,SU_cob,0.156,SU_peb,0.026,SU_shell,0.006,SU_bould
image_14.jpg,2204,1639,SU_peb,pebble,224,0.981,SU_peb,0.013,SU_cob,0.005,SU_bould,0.000,KE_stipe,0.000,BR_fucus
image_14.jpg,2582,1639,KE_sugar,kelp_sugar,224,,,,,,,,,,
image_14.jpg,2961,1639,SU_cob,cobble,224,0.976,SU_cob,0.010,SU_bould,0.010,SU_shell,0.002,MS,0.001,SU_peb
image_14.jpg,3339,1639,SU_peb,pebble,224,1.000,SU_peb,0.000,SU_sand,0.000,KE_stipe,0.000,SU_cob,0.000,SU_shell
image_14.jpg,3718,1639,SU_peb,pebble,224,1.000,SU_peb,0.000,SU_cob,0.000,SU_bould,0.000,SI,0.000,SU_sand
image_14.jpg,312,2081,SU_peb,pebble,224,1.000,SU_peb,0.000,KE_stipe,0.000,SU_shell,0.000,SU_sand,0.000,SU_cob
image_14.jpg,690,2081,RE_leaf,red_algae_flat_leaf,224,,,,,,,,,,
image_14.jpg,1068,2081,SU_peb,pebble,224,1.000,SU_peb,0.000,SU_sand,0.000,SU_shell,0.000,KE_stipe,0.000,SI
image_14.jpg,1447,2081,SU_peb,pebble,224,0.998,SU_peb,0.001,RE_branch,0.000,SU_bould,0.000,KE_stipe,0.000,SU_sand
image_14.jpg,1825,2081,SU_peb,pebble,224,1.000,SU_peb,0.000,KE_stipe,0.000,KE_bull,0.000,SU_sand,0.000,SU_bould
image_14.jpg,2204,2081,SU_peb,pebble,224,1.000,SU_peb,0.000,SU_sand,0.000,KE_stipe,0.000,SU_shell,0.000,SU_bould
image_14.jpg,2582,2081,KE_sugar,kelp_sugar,224,,,,,,,,,,
image_14.jpg,2961,2081,KE_sugar,kelp_sugar,224,,,,,,,,,,
image_14.jpg,3339,2081,SU_peb,pebble,224,0.939,SU_peb,0.038,KE_stipe,0.019,SU_bould,0.003,SU_cob,0.000,SU_sand
image_14.jpg,3718,2081,SU_peb,pebble,224,0.992,SU_peb,0.005,SU_silt,0.003,SU_cob,0.000,SU_sand,0.000,SU_bould
image_14.jpg,312,2524,GR_ulva,green_algae_ulva,224,1.000,GR_ulva,0.000,SU_silt,0.000,SU_peb,0.000,KE_bull,0.000,BR_sarg
image_14.jpg,690,2524,SU_peb,pebble,224,1.000,SU_peb,0.000,KE_stipe,0.000,SU_sand,0.000,SU_bould,0.000,SI
image_14.jpg,1068,2524,SU_peb,pebble,224,1.000,SU_peb,0.000,KE_stipe,0.000,SU_shell,0.000,SI,0.000,KE_bull
image_14.jpg,1447,2524,SU_peb,pebble,224,1.000,SU_peb,0.000,SU_bould,0.000,RE_branch,0.000,KE_stipe,0.000,SU_sand
image_14.jpg,1825,2524,SU_peb,pebble,224,0.993,SU_peb,0.004,SU_bould,0.002,SU_sand,0.001,BR_sarg,0.000,MS
image_14.jpg,2204,2524,SU_sand,sand_fine_shell,224,,,,,,,,,,
image_14.jpg,2582,2524,SU_peb,pebble,224,0.995,SU_peb,0.005,SU_sand,0.000,SU_silt,0.000,SU_shell,0.000,KE_stipe
image_14.jpg,2961,2524,SU_peb,pebble,224,0.533,SU_peb,0.390,SU_silt,0.069,SU_cob,0.003,SU_sand,0.003,SU_bould
image_14.jpg,3339,2524,SU_peb,pebble,224,0.908,SU_peb,0.041,RE_branch,0.019,MS,0.012,SU_cob,0.004,SU_sand
image_14.jpg,3718,2524,SU_sand,sand_fine_shell,224,0.659,SU_sand,0.207,SU_peb,0.099,SU_cob,0.015,SU_silt,0.015,SU_bould
image_14.jpg,312,2966,GR_ulva,green_algae_ulva,224,,,,,,,,,,
image_14.jpg,690,2966,SU_peb,pebble,224,1.000,SU_peb,0.000,SU_bould,0.000,SU_cob,0.000,KE_stipe,0.000,SU_sand
image_14.jpg,1068,2966,SU_peb,pebble,224,1.000,SU_peb,0.000,SU_sand,0.000,KE_stipe,0.000,MS,0.000,SU_cob
image_14.jpg,1447,2966,SU_peb,pebble,224,0.995,SU_peb,0.005,SU_bould,0.000,SU_cob,0.000,KE_bull,0.000,KE_stipe
image_14.jpg,1825,2966,RE_branch,red_algae_branching,224,,,,,,,,,,
image_14.jpg,2204,2966,SU_peb,pebble,224,0.998,SU_peb,0.002,SU_sand,0.000,SU_bould,0.000,KE_stipe,0.000,SU_shell
image_14.jpg,2582,2966,SU_cob,cobble,224,,,,,,,,,,
image_14.jpg,2961,2966,SU_peb,pebble,224,1.000,SU_peb,0.000,SU_sand,0.000,SU_shell,0.000,KE_stipe,0.000,SI
image_14.jpg,3339,2966,BR_fucus,brown_algae_fucus,224,0.943,BR_fucus,0.055,SU_cob,0.001,BR_sarg,0.000,KE_stipe,0.000,SU_peb
image_14.jpg,3718,2966,RE_leaf,red_algae_flat_leaf,224,,,,,,,,,,
image_14.jpg,312,3409,SU_peb,pebble,224,0.999,SU_peb,0.000,SU_bould,0.000,SU_sand,0.000,SU_cob,0.000,KE_stipe
image_14.jpg,690,3409,SU_peb,pebble,224,0.984,SU_peb,0.015,SU_cob,0.001,SU_bould,0.000,KE_stipe,0.000,SU_silt
image_14.jpg,1068,3409,SU_peb,pebble,224,1.000,SU_peb,0.000,SU_sand,0.000,KE_stipe,0.000,SU_bould,0.000,SU_silt
image_14.jpg,1447,3409,SU_peb,pebble,224,0.998,SU_peb,0.001,SU_cob,0.001,SU_bould,0.000,KE_stipe,0.000,SI
image_14.jpg,1825,3409,KE_sugar,kelp_sugar,224,,,,,,,,,,
image_14.jpg,2204,3409,SU_peb,pebble,224,0.982,SU_peb,0.017,RE_branch,0.000,SU_sand,0.000,KE_stipe,0.000,SU_bould
image_14.jpg,2582,3409,SU_peb,pebble,224,1.000,SU_peb,0.000,SU_shell,0.000,KE_stipe,0.000,SU_sand,0.000,SU_silt
image_14.jpg,2961,3409,KE_sugar,kelp_sugar,224,,,,,,,,,,
image_14.jpg,3339,3409,SU_peb,pebble,224,1.000,SU_peb,0.000,SU_sand,0.000,SU_bould,0.000,SU_cob,0.000,KE_stipe
image_14.jpg,3718,3409,SU_peb,pebble,224,1.000,SU_peb,0.000,SU_sand,0.000,SU_silt,0.000,SU_cob,0.000,KE_stipe
image_14.jpg,312,3851,SU_peb,pebble,224,0.990,SU_peb,0.008,SU_bould,0.002,SU_cob,0.000,SU_sand,0.000,RE_branch
image_14.jpg,690,3851,SU_peb,pebble,224,0.997,SU_peb,0.002,SU_cob,0.001,SU_bould,0.000,SU_sand,0.000,SU_shell
image_14.jpg,1068,3851,SU_peb,pebble,224,0.972,SU_peb,0.012,SU_bould,0.005,RE_branch,0.005,SU_cob,0.003,SU_sand
image_14.jpg,1447,3851,RE_fil,red_algae_filamentous,224,,,,,,,,,,
image_14.jpg,1825,3851,BR_fucus,brown_algae_fucus,224,0.896,BR_fucus,0.102,SU_peb,0.001,SU_bould,0.000,KE_stipe,0.000,SU_cob
image_14.jpg,2204,3851,BR_fucus,brown_algae_fucus,224,0.694,BR_fucus,0.125,SU_peb,0.111,KE_stipe,0.042,SU_bould,0.027,SU_cob
image_14.jpg,2582,3851,KE_bull,kelp_bull_ blade,224,,,,,,,,,,
image_14.jpg,2961,3851,unknown,unknown_area,224,,,,,,,,,,
image_14.jpg,3339,3851,SU_peb,pebble,224,0.993,SU_peb,0.003,SU_bould,0.002,SU_cob,0.001,SU_sand,0.001,SI
image_14.jpg,3718,3851,SU_peb,pebble,224,1.000,SU_peb,0.000,SU_cob,0.000,KE_stipe,0.000,SU_sand,0.000,SU_shell
image_14.jpg,312,4294,GR_ulva,green_algae_ulva,224,,,,,,,,,,
image_14.jpg,690,4294,unknown,unknown_area,224,,,,,,,,,,
image_14.jpg,1068,4294,SU_bould,boulder,224,,,,,,,,,,
image_14.jpg,1447,4294,SU_bould,boulder,224,,,,,,,,,,
image_14.jpg,1825,4294,SU_peb,pebble,224,0.829,SU_peb,0.150,SU_silt,0.017,SU_cob,0.001,SU_shell,0.001,SU_bould
image_14.jpg,2204,4294,RE_leaf,red_algae_flat_leaf,224,,,,,,,,,,
image_14.jpg,2582,4294,unknown,unknown_area,224,,,,,,,,,,
image_14.jpg,2961,4294,MS,mobile_species,224,1.000,MS,0.000,SU_cob,0.000,SU_bould,0.000,SU_peb,0.000,RE_leaf
image_14.jpg,3339,4294,SU_peb,pebble,224,1.000,SU_peb,0.000,SU_bould,0.000,SU_cob,0.000,KE_stipe,0.000,SU_sand
image_14.jpg,3718,4294,SU_peb,pebble,224,1.000,SU_peb,0.000,SU_shell,0.000,MS,0.000,SU_bould,0.000,BR_sarg
image_15.jpg,312,312,SU_bould,boulder,224,0.993,SU_bould,0.006,SU_cob,0.000,RE_branch,0.000,KE_stipe,0.000,MS
image_15.jpg,690,312,SU_bould,boulder,224,,,,,,,,,,
image_15.jpg,1068,312,SU_bould,boulder,224,,,,,,,,,,
image_15.jpg,1447,312,RE_CCA,red_algae_encrusting_CCA,224,0.692,RE_CCA,0.201,BR_sarg,0.101,SU_bould,0.003,BR_fucus,0.002,SU_cob
image_15.jpg,1825,312,SU_bould,boulder,224,0.681,SU_bould,0.293,SU_cob,0.021,RE_CCA,0.002,SU_peb,0.002,BR_sarg
image_15.jpg,2204,312,RE_fil,red_algae_filamentous,224,0.793,RE_fil,0.162,SU_bould,0.041,SU_cob,0.001,KE_stipe,0.001,SU_shell
image_15.jpg,2582,312,BR_encrust,brown_algae_encrusting,224,,,,,,,,,,
image_15.jpg,2961,312,SU_bould,boulder,224,0.999,SU_bould,0.001,KE_sugar,0.000,KE_stipe,0.000,SU_silt,0.000,RE_branch
image_15.jpg,3339,312,SU_bould,boulder,224,0.585,SU_bould,0.256,MS,0.127,KE_sugar,0.010,SU_cob,0.009,SU_peb
image_15.jpg,3718,312,RE_leaf,red_algae_flat_leaf,224,0.972,RE_leaf,0.016,SI,0.011,unknown,0.001,GR_ulva,0.000,MS
image_15.jpg,312,754,SU_bould,boulder,224,0.885,SU_bould,0.076,SU_cob,0.033,RE_CCA,0.002,RE_fil,0.002,RE_branch
image_15.jpg,690,754,SU_bould,boulder,224,,,,,,,,,,
image_15.jpg,1068,754,RE_CCA,red_algae_encrusting_CCA,224,0.686,RE_CCA,0.217,BR_sarg,0.043,SU_bould,0.032,KE_stipe,0.008,SU_cob
image_15.jpg,1447,754,SU_bould,boulder,224,,,,,,,,,,
image_15.jpg,1825,754,RE_CCA,red_algae_encrusting_CCA,224,0.993,RE_CCA,0.006,SU_bould,0.000,BR_sarg,0.000,RE_fil,0.000,RE_branch
image_15.jpg,2204,754,SU_bould,boulder,224,,,,,,,,,,
image_15.jpg,2582,754,SU_bould,boulder,224,0.992,SU_bould,0.007,RE_CCA,0.000,SU_cob,0.000,BR_sarg,0.000,SU_peb
image_15.jpg,2961,754,SU_bould,boulder,224,1.000,SU_bould,0.000,SU_cob,0.000,SU_peb,0.000,GR_ulva,0.000,KE_sugar
image_15.jpg,3339,754,SU_bould,boulder,224,0.999,SU_bould,0.001,RE_CCA,0.000,SU_cob,0.000,KE_stipe,0.000,KE_bull
image_15.jpg,3718,754,RE_leaf,red_algae_flat_leaf,224,,,,,,,,,,
image_15.jpg,312,1196,SU_bould,boulder,224,0.953,SU_bould,0.027,SU_cob,0.020,RE_CCA,0.000,BR_sarg,0.000,KE_stipe
image_15.jpg,690,1196,SU_bould,boulder,224,,,,,,,,,,
image_15.jpg,1068,1196,SU_bould,boulder,224,,,,,,,,,,
image_15.jpg,1447,1196,SU_bould,boulder,224,,,,,,,,,,
image_15.jpg,1825,1196,SU_bould,boulder,224,0.902,SU_bould,0.092,BR_sarg,0.004,SU_cob,0.001,SU_peb,0.001,KE_holdfas
image_15.jpg,2204,1196,SU_bould,boulder,224,,,,,,,,,,
image_15.jpg,2582,1196,SU_bould,boulder,224,0.725,SU_bould,0.235,BR_sarg,0.028,RE_fil,0.004,SU_cob,0.003,RE_CCA
image_15.jpg,2961,1196,RE_branch,red_algae_branching,224,,,,,,,,,,
image_15.jpg,3339,1196,SU_bould,boulder,224,,,,,,,,,,
image_15.jpg,3718,1196,SU_bould,boulder,224,,,,,,,,,,
image_15.jpg,312,1639,RE_branch,red_algae_branching,224,,,,,,,,,,
image_15.jpg,690,1639,RE_CCA,red_algae_encrusting_CCA,224,0.673,RE_CCA,0.325,SU_bould,0.001,MS,0.001,SU_cob,0.001,KE_stipe
image_15.jpg,1068,1639,RE_branch,red_algae_branching,224,1.000,RE_branch,0.000,RE_leaf,0.000,RE_CCA,0.000,SU_bould,0.000,BR_sarg
image_15.jpg,1447,1639,SU_bould,boulder,224,0.990,SU_bould,0.004,RE_branch,0.003,BR_sarg,0.001,KE_stipe,0.001,RE_CCA
image_15.jpg,1825,1639,SU_bould,boulder,224,0.730,SU_bould,0.138,RE_CCA,0.107,SU_cob,0.021,BR_sarg,0.003,GR_ulva
image_15.jpg,2204,1639,RE_leaf,red_algae_flat_leaf,224,,,,,,,,,,
image_15.jpg,2582,1639,SU_bould,boulder,224,0.997,SU_bould,0.003,GR_ulva,0.000,BR_sarg,0.000,SU_cob,0.000,KE_stipe
image_15.jpg,2961,1639,RE_branch,red_algae_branching,224,0.901,RE_branch,0.072,SU_cob,0.010,SU_bould,0.008,SU_peb,0.005,MS
image_15.jpg,3339,1639,RE_branch,red_algae_branching,224,0.967,RE_branch,0.018,SU_bould,0.015,MS,0.000,RE_CCA,0.000,RE_fil
image_15.jpg,3718,1639,SU_bould,boulder,224,,,,,,,,,,
image_15.jpg,312,2081,RE_fil,red_algae_filamentous,224,,,,,,,,,,
image_15.jpg,690,2081,SU_bould,boulder,224,,,,,,,,,,
image_15.jpg,1068,2081,RE_fil,red_algae_filamentous,224,1.000,RE_fil,0.000,SI,0.000,MS,0.000,RE_CCA,0.000,RE_leaf
image_15.jpg,1447,2081,RE_CCA,red_algae_encrusting_CCA,224,0.999,RE_CCA,0.001,SU_bould,0.000,KE_stipe,0.000,SU_cob,0.000,RE_fil
image_15.jpg,1825,2081,BR_encrust,brown_algae_encrusting,224,,,,,,,,,,
image_15.jpg,2204,2081,BR_encrust,brown_algae_encrusting,224,,,,,,,,,,
image_15.jpg,2582,2081,RE_fil,red_algae_filamentous,224,0.997,RE_fil,0.002,RE_CCA,0.000,MS,0.000,SU_bould,0.000,SI
image_15.jpg,2961,2081,SU_bould,boulder,224,0.990,SU_bould,0.009,RE_fil,0.000,RE_branch,0.000,SI,0.000,MS
image_15.jpg,3339,2081,SU_bould,boulder,224,,,,,,,,,,
image_15.jpg,3718,2081,SU_bould,boulder,224,,,,,,,,,,
image_15.jpg,312,2524,SU_bould,boulder,224,,,,,,,,,,
image_15.jpg,690,2524,RE_branch,red_algae_branching,224,0.903,RE_branch,0.080,SU_bould,0.008,RE_leaf,0.002,RE_fil,0.001,KE_stipe
image_15.jpg,1068,2524,RE_branch,red_algae_branching,224,,,,,,,,,,
image_15.jpg,1447,2524,SU_bould,boulder,224,0.811,SU_bould,0.184,GR_ulva,0.005,RE_CCA,0.000,KE_stipe,0.000,KE_bull
image_15.jpg,1825,2524,SU_bould,boulder,224,0.978,SU_bould,0.009,RE_CCA,0.005,RE_branch,0.004,RE_fil,0.002,RE_bush
image_15.jpg,2204,2524,SU_bould,boulder,224,,,,,,,,,,
image_15.jpg,2582,2524,SU_bould,boulder,224,0.987,SU_bould,0.012,SU_cob,0.001,KE_bull,0.000,GR_ulva,0.000,KE_stipe
image_15.jpg,2961,2524,SU_bould,boulder,224,1.000,SU_bould,0.000,RE_fil,0.000,SI,0.000,RE_CCA,0.000,MS
image_15.jpg,3339,2524,SU_bould,boulder,224,0.829,SU_bould,0.160,MS,0.009,SI,0.000,RE_fil,0.000,RE_branch
image_15.jpg,3718,2524,SU_bould,boulder,224,,,,,,,,,,
image_15.jpg,312,2966,RE_CCA,red_algae_encrusting_CCA,224,,,,,,,,,,
image_15.jpg,690,2966,RE_fil,red_algae_filamentous,224,0.956,RE_fil,0.027,SU_bould,0.011,KE_stipe,0.005,RE_branch,0.001,MS
image_15.jpg,1068,2966,SU_bould,boulder,224,,,,,,,,,,
image_15.jpg,1447,2966,RE_branch,red_algae_branching,224,,,,,,,,,,
image_15.jpg,1825,2966,RE_CCA,red_algae_encrusting_CCA,224,1.000,RE_CCA,0.000,SU_bould,0.000,BR_sarg,0.000,KE_stipe,0.000,SU_sand
image_15.jpg,2204,2966,SU_bould,boulder,224,0.970,SU_bould,0.029,RE_CCA,0.001,KE_stipe,0.000,KE_bull,0.000,RE_branch
image_15.jpg,2582,2966,SU_bould,boulder,224,0.946,SU_bould,0.035,RE_CCA,0.011,GR_ulva,0.005,SU_cob,0.002,KE_stipe
image_15.jpg,2961,2966,RE_branch,red_algae_branching,224,,,,,,,,,,
image_15.jpg,3339,2966,SU_bould,boulder,224,,,,,,,,,,
image_15.jpg,3718,2966,RE_CCA,red_algae_encrusting_CCA,224,0.981,RE_CCA,0.013,SI_kelpBry,0.003,MS,0.001,BR_fucus,0.000,KE_bull
image_15.jpg,312,3409,RE_fil,red_algae_filamentous,224,0.792,RE_fil,0.131,RE_branch,0.028,RE_leaf,0.016,KE_sieve,0.010,KE_5rib
image_15.jpg,690,3409,RE_fil,red_algae_filamentous,224,0.690,RE_fil,0.132,SU_bould,0.104,MS,0.048,RE_branch,0.023,RE_CCA
image_15.jpg,1068,3409,RE_fil,red_algae_filamentous,224,,,,,,,,,,
image_15.jpg,1447,3409,RE_branch,red_algae_branching,224,,,,,,,,,,
image_15.jpg,1825,3409,RE_leaf,red_algae_flat_leaf,224,,,,,,,,,,
image_15.jpg,2204,3409,RE_CCA,red_algae_encrusting_CCA,224,0.996,RE_CCA,0.002,SU_cob,0.002,SU_bould,0.000,SU_sand,0.000,BR_sarg
image_15.jpg,2582,3409,SU_bould,boulder,224,,,,,,,,,,
image_15.jpg,2961,3409,SU_bould,boulder,224,0.685,SU_bould,0.263,SU_cob,0.033,RE_fil,0.011,KE_stipe,0.008,SU_peb
image_15.jpg,3339,3409,SU_bould,boulder,224,0.901,SU_bould,0.042,KE_stipe,0.034,SU_cob,0.012,BR_fucus,0.005,SU_peb
image_15.jpg,3718,3409,RE_CCA,red_algae_encrusting_CCA,224,0.998,RE_CCA,0.001,SU_bould,0.000,KE_stipe,0.000,RE_branch,0.000,MS
image_15.jpg,312,3851,unknown,unknown_area,224,0.906,unknown,0.056,RE_leaf,0.031,GR_ulva,0.003,SI,0.002,MS
image_15.jpg,690,3851,unknown,unknown_area,224,0.955,unknown,0.030,RE_leaf,0.010,GR_ulva,0.001,RE_branch,0.001,KE_5rib
image_15.jpg,1068,3851,unknown,unknown_area,224,,,,,,,,,,
image_15.jpg,1447,3851,unknown,unknown_area,224,0.633,unknown,0.216,RE_leaf,0.074,KE_5rib,0.024,RE_fil,0.023,KE_sugar
image_15.jpg,1825,3851,unknown,unknown_area,224,,,,,,,,,,
image_15.jpg,2204,3851,SU_bould,boulder,224,,,,,,,,,,
image_15.jpg,2582,3851,unknown,unknown_area,224,,,,,,,,,,
image_15.jpg,2961,3851,unknown,unknown_area,224,0.637,unknown,0.198,GR_ulva,0.075,KE_stipe,0.037,BR_fucus,0.019,MS
image_15.jpg,3339,3851,unknown,unknown_area,224,,,,,,,,,,
image_15.jpg,3718,3851,unknown,unknown_area,224,0.919,unknown,0.062,MS,0.017,GR_ulva,0.001,KE_stipe,0.001,KE_sugar
image_15.jpg,312,4294,unknown,unknown_area,224,1.000,unknown,0.000,KE_5rib,0.000,GR_ulva,0.000,KE_stipe,0.000,SI
image_15.jpg,690,4294,unknown,unknown_area,224,0.999,unknown,0.001,KE_5rib,0.000,SI,0.000,MS,0.000,GR_ulva
image_15.jpg,1068,4294,unknown,unknown_area,224,0.971,unknown,0.027,KE_5rib,0.001,KE_stipe,0.000,GR_ulva,0.000,BR_fucus
image_15.jpg,1447,4294,unknown,unknown_area,224,1.000,unknown,0.000,GR_ulva,0.000,MS,0.000,KE_stipe,0.000,KE_sieve
image_15.jpg,1825,4294,unknown,unknown_area,224,1.000,unknown,0.000,GR_ulva,0.000,MS,0.000,SI,0.000,KE_stipe
image_15.jpg,2204,4294,unknown,unknown_area,224,0.999,unknown,0.000,GR_ulva,0.000,MS,0.000,SI,0.000,KE_sieve
image_15.jpg,2582,4294,unknown,unknown_area,224,1.000,unknown,0.000,MS,0.000,GR_ulva,0.000,KE_stipe,0.000,KE_sieve
image_15.jpg,2961,4294,unknown,unknown_area,224,0.997,unknown,0.001,RE_bush,0.001,GR_ulva,0.000,MS,0.000,KE_stipe
image_15.jpg,3339,4294,unknown,unknown_area,224,1.000,unknown,0.000,GR_ulva,0.000,MS,0.000,SI,0.000,KE_stipe
image_15.jpg,3718,4294,unknown,unknown_area,224,1.000,unknown,0.000,SI,0.000,MS,0.000,GR_ulva,0.000,RE_leaf
image_16.jpg,312,312,unknown,unknown_area,224,,,,,,,,,,
image_16.jpg,690,312,unknown,unknown_area,224,,,,,,,,,,
image_16.jpg,1068,312,KE_sugar,kelp_sugar,224,0.925,KE_sugar,0.048,KE_5rib,0.025,GR_ulva,0.001,KE_sieve,0.000,KE_stipe
image_16.jpg,1447,312,KE_sugar,kelp_sugar,224,,,,,,,,,,
image_16.jpg,1825,312,GR_ulva,green_algae_ulva,224,0.966,GR_ulva,0.024,KE_sugar,0.006,KE_bull,0.002,KE_sieve,0.001,KE_5rib
image_16.jpg,2204,312,KE_sugar,kelp_sugar,224,1.000,KE_sugar,0.000,GR_ulva,0.000,RE_fil,0.000,RE_CCA,0.000,KE_sieve
image_16.jpg,2582,312,KE_sugar,kelp_sugar,224,0.936,KE_sugar,0.064,GR_ulva,0.000,KE_sieve,0.000,RE_branch,0.000,MS
image_16.jpg,2961,312,KE_sugar,kelp_sugar,224,0.998,KE_sugar,0.001,GR_ulva,0.000,RE_bush,0.000,KE_5rib,0.000,KE_sieve
image_16.jpg,3339,312,KE_sugar,kelp_sugar,224,,,,,,,,,,
image_16.jpg,3718,312,KE_sugar,kelp_sugar,224,0.661,KE_sugar,0.308,unknown,0.014,SU_bould,0.009,RE_leaf,0.004,KE_5rib
image_16.jpg,312,754,KE_sugar,kelp_sugar,224,1.000,KE_sugar,0.000,KE_5rib,0.000,SI,0.000,RE_leaf,0.000,SU_bould
image_16.jpg,690,754,KE_sugar,kelp_sugar,224,0.999,KE_sugar,0.001,SI,0.000,SU_bould,0.000,KE_5rib,0.000,SI_kelpBry
image_16.jpg,1068,754,KE_sugar,kelp_sugar,224,1.000,KE_sugar,0.000,RE_branch,0.000,KE_5rib,0.000,RE_leaf,0.000,SI_kelpBry
image_16.jpg,1447,754,KE_sugar,kelp_sugar,224,1.000,KE_sugar,0.000,KE_5rib,0.000,KE_bull,0.000,GR_ulva,0.000,MS
image_16.jpg,1825,754,KE_sugar,kelp_sugar,224,1.000,KE_sugar,0.000,SU_bould,0.000,SI_kelpBry,0.000,SI,0.000,SU_cob
image_16.jpg,2204,754,KE_sugar,kelp_sugar,224,1.000,KE_sugar,0.000,GR_ulva,0.000,RE_branch,0.000,MS,0.000,SU_silt
image_16.jpg,2582,754,KE_sugar,kelp_sugar,224,1.000,KE_sugar,0.000,KE_5rib,0.000,GR_ulva,0.000,KE_sieve,0.000,SU_silt
image_16.jpg,2961,754,KE_sugar,kelp_sugar,224,0.886,KE_sugar,0.083,unknown,0.022,GR_ulva,0.009,KE_5rib,0.000,KE_sieve
image_16.jpg,3339,754,KE_sugar,kelp_sugar,224,0.995,KE_sugar,0.003,unknown,0.001,GR_ulva,0.000,RE_fil,0.000,KE_5rib
image_16.jpg,3718,754,unknown,unknown_area,224,0.773,unknown,0.155,KE_sugar,0.039,GR_ulva,0.021,KE_5rib,0.007,SU_silt
image_16.jpg,312,1196,KE_sugar,kelp_sugar,224,1.000,KE_sugar,0.000,KE_sieve,0.000,GR_ulva,0.000,KE_5rib,0.000,SU_bould
image_16.jpg,690,1196,KE_sugar,kelp_sugar,224,1.000,KE_sugar,0.000,RE_fil,0.000,SI,0.000,KE_5rib,0.000,GR_ulva
image_16.jpg,1068,1196,KE_sugar,kelp_sugar,224,1.000,KE_sugar,0.000,RE_branch,0.000,KE_5rib,0.000,GR_ulva,0.000,SU_bould
image_16.jpg,1447,1196,KE_sugar,kelp_sugar,224,1.000,KE_sugar,0.000,SI_kelpBry,0.000,KE_5rib,0.000,MS,0.000,SU_bould
image_16.jpg,1825,1196,KE_sugar,kelp_sugar,224,1.000,KE_sugar,0.000,SI,0.000,SU_bould,0.000,SU_silt,0.000,KE_5rib
image_16.jpg,2204,1196,KE_sugar,kelp_sugar,224,1.000,KE_sugar,0.000,SU_bould,0.000,MS,0.000,SI_kelpBry,0.000,SI
image_16.jpg,2582,1196,KE_sugar,kelp_sugar,224,1.000,KE_sugar,0.000,GR_ulva,0.000,KE_stipe,0.000,KE_5rib,0.000,MS
image_16.jpg,2961,1196,KE_sugar,kelp_sugar,224,1.000,KE_sugar,0.000,SU_bould,0.000,SI,0.000,KE_5rib,0.000,GR_ulva
image_16.jpg,3339,1196,KE_sugar,kelp_sugar,224,1.000,KE_sugar,0.000,KE_5rib,0.000,MS,0.000,KE_sieve,0.000,SI_kelpBry
image_16.jpg,3718,1196,KE_sugar,kelp_sugar,224,,,,,,,,,,
image_16.jpg,312,1639,KE_sugar,kelp_sugar,224,0.997,KE_sugar,0.002,KE_5rib,0.001,SU_bould,0.000,GR_ulva,0.000,KE_sieve
image_16.jpg,690,1639,KE_sugar,kelp_sugar,224,0.999,KE_sugar,0.001,SU_bould,0.000,RE_fil,0.000,SI,0.000,KE_sieve
image_16.jpg,1068,1639,KE_sugar,kelp_sugar,224,0.626,KE_sugar,0.360,KE_5rib,0.011,KE_sieve,0.002,SU_bould,0.001,GR_ulva
image_16.jpg,1447,1639,KE_sugar,kelp_sugar,224,1.000,KE_sugar,0.000,SI_kelpBry,0.000,SI,0.000,KE_bull,0.000,KE_sieve
image_16.jpg,1825,1639,KE_sugar,kelp_sugar,224,0.998,KE_sugar,0.001,KE_sieve,0.001,GR_ulva,0.000,SU_bould,0.000,RE_fil
image_16.jpg,2204,1639,KE_sugar,kelp_sugar,224,1.000,KE_sugar,0.000,RE_leaf,0.000,KE_5rib,0.000,SI,0.000,GR_ulva
image_16.jpg,2582,1639,KE_sugar,kelp_sugar,224,1.000,KE_sugar,0.000,GR_ulva,0.000,SI_kelpBry,0.000,SU_bould,0.000,SI
image_16.jpg,2961,1639,KE_sugar,kelp_sugar,224,1.000,KE_sugar,0.000,GR_ulva,0.000,KE_sieve,0.000,MS,0.000,RE_branch
image_16.jpg,3339,1639,KE_sugar,kelp_sugar,224,0.999,KE_sugar,0.000,KE_5rib,0.000,GR_ulva,0.000,KE_sieve,0.000,MS
image_16.jpg,3718,1639,KE_sugar,kelp_sugar,224,1.000,KE_sugar,0.000,SU_bould,0.000,SI,0.000,SU_cob,0.000,KE_5rib
image_16.jpg,312,2081,KE_sugar,kelp_sugar,224,0.987,KE_sugar,0.010,KE_sieve,0.002,KE_5rib,0.000,RE_fil,0.000,GR_ulva
image_16.jpg,690,2081,KE_sugar,kelp_sugar,224,1.000,KE_sugar,0.000,SU_bould,0.000,KE_5rib,0.000,SI,0.000,SI_kelpBry
image_16.jpg,1068,2081,KE_sugar,kelp_sugar,224,,,,,,,,,,
image_16.jpg,1447,2081,KE_sugar,kelp_sugar,224,1.000,KE_sugar,0.000,MS,0.000,SI_kelpBry,0.000,RE_CCA,0.000,KE_sieve
image_16.jpg,1825,2081,KE_sugar,kelp_sugar,224,1.000,KE_sugar,0.000,MS,0.000,RE_branch,0.000,RE_leaf,0.000,SI
image_16.jpg,2204,2081,KE_sugar,kelp_sugar,224,1.000,KE_sugar,0.000,SU_bould,0.000,GR_ulva,0.000,SI,0.000,KE_5rib
image_16.jpg,2582,2081,KE_sugar,kelp_sugar,224,1.000,KE_sugar,0.000,MS,0.000,SI_kelpBry,0.000,SU_bould,0.000,SI
image_16.jpg,2961,2081,KE_sugar,kelp_sugar,224,0.995,KE_sugar,0.005,MS,0.000,KE_sieve,0.000,SI_kelpBry,0.000,GR_ulva
image_16.jpg,3339,2081,KE_sugar,kelp_sugar,224,1.000,KE_sugar,0.000,KE_5rib,0.000,MS,0.000,KE_sieve,0.000,GR_ulva
image_16.jpg,3718,2081,KE_sugar,kelp_sugar,224,1.000,KE_sugar,0.000,KE_5rib,0.000,SI,0.000,RE_leaf,0.000,SU_bould
image_16.jpg,312,2524,KE_sugar,kelp_sugar,224,0.585,KE_sugar,0.410,KE_5rib,0.004,SU_bould,0.000,RE_bush,0.000,KE_sieve
image_16.jpg,690,2524,KE_sugar,kelp_sugar,224,,,,,,,,,,
image_16.jpg,1068,2524,KE_sugar,kelp_sugar,224,,,,,,,,,,
image_16.jpg,1447,2524,KE_sugar,kelp_sugar,224,1.000,KE_sugar,0.000,SI_kelpBry,0.000,SU_bould,0.000,SI,0.000,GR_ulva
image_16.jpg,1825,2524,KE_sugar,kelp_sugar,224,,,,,,,,,,
image_16.jpg,2204,2524,KE_sugar,kelp_sugar,224,0.545,KE_sugar,0.397,KE_sieve,0.053,GR_ulva,0.003,SU_bould,0.001,RE_CCA
image_16.jpg,2582,2524,KE_sugar,kelp_sugar,224,1.000,KE_sugar,0.000,SU_cob,0.000,SU_bould,0.000,RE_leaf,0.000,KE_5rib
image_16.jpg,2961,2524,KE_sugar,kelp_sugar,224,1.000,KE_sugar,0.000,SU_bould,0.000,SU_cob,0.000,SU_silt,0.000,KE_5rib
image_16.jpg,3339,2524,KE_sugar,kelp_sugar,224,1.000,KE_sugar,0.000,SI_kelpBry,0.000,MS,0.000,SI,0.000,KE_sieve
image_16.jpg,3718,2524,KE_sugar,kelp_sugar,224,1.000,KE_sugar,0.000,SI,0.000,SI_kelpBry,0.000,RE_leaf,0.000,SU_silt
image_16.jpg,312,2966,KE_sugar,kelp_sugar,224,1.000,KE_sugar,0.000,KE_5rib,0.000,SI,0.000,SU_bould,0.000,RE_fil
image_16.jpg,690,2966,KE_sugar,kelp_sugar,224,0.999,KE_sugar,0.001,KE_5rib,0.000,KE_sieve,0.000,MS,0.000,RE_fil
image_16.jpg,1068,2966,KE_sugar,kelp_sugar,224,1.000,KE_sugar,0.000,SI_kelpBry,0.000,KE_5rib,0.000,MS,0.000,RE_leaf
image_16.jpg,1447,2966,KE_sugar,kelp_sugar,224,0.999,KE_sugar,0.001,GR_ulva,0.000,KE_5rib,0.000,KE_sieve,0.000,MS
image_16.jpg,1825,2966,KE_sugar,kelp_sugar,224,0.970,KE_sugar,0.029,KE_5rib,0.000,RE_leaf,0.000,MS,0.000,GR_ulva
image_16.jpg,2204,2966,KE_sugar,kelp_sugar,224,1.000,KE_sugar,0.000,RE_branch,0.000,SI,0.000,MS,0.000,GR_ulva
image_16.jpg,2582,2966,KE_sugar,kelp_sugar,224,1.000,KE_sugar,0.000,MS,0.000,KE_5rib,0.000,SI_kelpBry,0.000,RE_leaf
image_16.jpg,2961,2966,KE_sugar,kelp_sugar,224,1.000,KE_sugar,0.000,KE_5rib,0.000,RE_leaf,0.000,RE_fil,0.000,SI
image_16.jpg,3339,2966,KE_sugar,kelp_sugar,224,0.950,KE_sugar,0.018,KE_sieve,0.015,RE_CCA,0.006,MS,0.002,SU_cob
image_16.jpg,3718,2966,KE_sugar,kelp_sugar,224,0.996,KE_sugar,0.002,KE_sieve,0.001,KE_5rib,0.001,GR_ulva,0.000,RE_fil
image_16.jpg,312,3409,KE_sugar,kelp_sugar,224,1.000,KE_sugar,0.000,KE_5rib,0.000,SU_bould,0.000,RE_leaf,0.000,RE_fil
image_16.jpg,690,3409,KE_sugar,kelp_sugar,224,1.000,KE_sugar,0.000,SI,0.000,SI_kelpBry,0.000,SU_cob,0.000,KE_5rib
image_16.jpg,1068,3409,KE_sugar,kelp_sugar,224,1.000,KE_sugar,0.000,MS,0.000,KE_5rib,0.000,KE_stipe,0.000,SI_kelpBry
image_16.jpg,1447,3409,KE_sugar,kelp_sugar,224,0.998,KE_sugar,0.001,KE_5rib,0.000,RE_fil,0.000,SI,0.000,SU_bould
image_16.jpg,1825,3409,KE_sugar,kelp_sugar,224,1.000,KE_sugar,0.000,RE_fil,0.000,MS,0.000,GR_ulva,0.000,KE_5rib
image_16.jpg,2204,3409,KE_sugar,kelp_sugar,224,1.000,KE_sugar,0.000,GR_ulva,0.000,KE_5rib,0.000,MS,0.000,RE_fil
image_16.jpg,2582,3409,KE_sugar,kelp_sugar,224,1.000,KE_sugar,0.000,MS,0.000,RE_leaf,0.000,KE_5rib,0.000,KE_stipe
image_16.jpg,2961,3409,KE_sugar,kelp_sugar,224,0.913,KE_sugar,0.062,SI,0.009,KE_sieve,0.006,SU_shell,0.002,GR_ulva
image_16.jpg,3339,3409,RE_CCA,red_algae_encrusting_CCA,224,0.884,RE_CCA,0.115,SU_cob,0.001,MS,0.000,KE_sugar,0.000,RE_leaf
image_16.jpg,3718,3409,KE_sugar,kelp_sugar,224,0.841,KE_sugar,0.090,GR_ulva,0.067,KE_5rib,0.001,KE_sieve,0.000,RE_leaf
image_16.jpg,312,3851,KE_sugar,kelp_sugar,224,0.706,KE_sugar,0.283,KE_5rib,0.008,KE_sieve,0.001,SU_bould,0.001,SI_kelpBry
image_16.jpg,690,3851,KE_sugar,kelp_sugar,224,,,,,,,,,,
image_16.jpg,1068,3851,KE_sugar,kelp_sugar,224,0.999,KE_sugar,0.001,SI_kelpBry,0.000,SI,0.000,MS,0.000,KE_bull
image_16.jpg,1447,3851,KE_sugar,kelp_sugar,224,1.000,KE_sugar,0.000,SI,0.000,SU_bould,0.000,KE_5rib,0.000,SI_kelpBry
image_16.jpg,1825,3851,KE_sugar,kelp_sugar,224,1.000,KE_sugar,0.000,GR_ulva,0.000,KE_sieve,0.000,RE_fil,0.000,KE_5rib
image_16.jpg,2204,3851,KE_sugar,kelp_sugar,224,0.820,KE_sugar,0.112,RE_fil,0.046,GR_ulva,0.016,unknown,0.004,KE_5rib
image_16.jpg,2582,3851,KE_sugar,kelp_sugar,224,0.994,KE_sugar,0.003,KE_5rib,0.001,MS,0.001,KE_sieve,0.000,SU_cob
image_16.jpg,2961,3851,KE_sugar,kelp_sugar,224,1.000,KE_sugar,0.000,GR_ulva,0.000,KE_5rib,0.000,RE_bush,0.000,RE_branch
image_16.jpg,3339,3851,KE_sugar,kelp_sugar,224,0.814,KE_sugar,0.166,KE_5rib,0.015,GR_ulva,0.002,RE_fil,0.001,MS
image_16.jpg,3718,3851,KE_sugar,kelp_sugar,224,0.975,KE_sugar,0.025,GR_ulva,0.000,KE_sieve,0.000,MS,0.000,unknown
image_16.jpg,312,4294,KE_sugar,kelp_sugar,224,0.624,KE_sugar,0.365,KE_5rib,0.008,KE_sieve,0.000,SI_kelpBry,0.000,SU_silt
image_16.jpg,690,4294,KE_sugar,kelp_sugar,224,0.722,KE_sugar,0.277,KE_5rib,0.000,RE_fil,0.000,KE_sieve,0.000,GR_ulva
image_16.jpg,1068,4294,KE_sugar,kelp_sugar,224,1.000,KE_sugar,0.000,RE_fil,0.000,GR_ulva,0.000,KE_5rib,0.000,SI
image_16.jpg,1447,4294,KE_sugar,kelp_sugar,224,1.000,KE_sugar,0.000,GR_ulva,0.000,KE_5rib,0.000,KE_sieve,0.000,MS
image_16.jpg,1825,4294,KE_sugar,kelp_sugar,224,0.932,KE_sugar,0.062,RE_fil,0.006,GR_ulva,0.000,KE_sieve,0.000,KE_5rib
image_16.jpg,2204,4294,KE_sugar,kelp_sugar,224,0.994,KE_sugar,0.003,GR_ulva,0.003,KE_5rib,0.000,KE_sieve,0.000,MS
image_16.jpg,2582,4294,KE_sugar,kelp_sugar,224,0.924,KE_sugar,0.063,KE_5rib,0.010,RE_fil,0.002,GR_ulva,0.000,unknown
image_16.jpg,2961,4294,KE_sugar,kelp_sugar,224,1.000,KE_sugar,0.000,GR_ulva,0.000,KE_5rib,0.000,MS,0.000,unknown
image_16.jpg,3339,4294,KE_sugar,kelp_sugar,224,0.913,KE_sugar,0.087,KE_5rib,0.000,GR_ulva,0.000,MS,0.000,KE_sieve
image_16.jpg,3718,4294,KE_sugar,kelp_sugar,224,,,,,,,,,,
image_17.jpg,312,312,SU_peb,pebble,224,0.774,SU_peb,0.114,MS,0.111,SU_shell,0.000,SU_cob,0.000,SU_sand
image_17.jpg,690,312,SU_anth,anthropogenic,224,,,,,,,,,,
image_17.jpg,1068,312,SU_anth,anthropogenic,224,,,,,,,,,,
image_17.jpg,1447,312,RE_leaf,red_algae_flat_leaf,224,0.923,RE_leaf,0.055,MS,0.009,KE_stipe,0.007,KE_5rib,0.003,KE_sugar
image_17.jpg,1825,312,GR_ulva,green_algae_ulva,224,0.729,GR_ulva,0.271,unknown,0.000,KE_stipe,0.000,KE_sugar,0.000,MS
image_17.jpg,2204,312,GR_ulva,green_algae_ulva,224,0.897,GR_ulva,0.103,unknown,0.000,KE_sugar,0.000,KE_5rib,0.000,RE_leaf
image_17.jpg,2582,312,SU_cob,cobble,224,,,,,,,,,,
image_17.jpg,2961,312,SU_silt,silt,224,0.995,SU_silt,0.004,MS,0.001,SU_cob,0.000,SU_peb,0.000,KE_sugar
image_17.jpg,3339,312,GR_ulva,green_algae_ulva,224,,,,,,,,,,
image_17.jpg,3718,312,RE_leaf,red_algae_flat_leaf,224,0.693,RE_leaf,0.251,KE_5rib,0.033,GR_ulva,0.021,RE_fil,0.001,KE_sugar
image_17.jpg,312,754,RE_leaf,red_algae_flat_leaf,224,,,,,,,,,,
image_17.jpg,690,754,RE_leaf,red_algae_flat_leaf,224,1.000,RE_leaf,0.000,KE_5rib,0.000,RE_fil,0.000,unknown,0.000,MS
image_17.jpg,1068,754,RE_leaf,red_algae_flat_leaf,224,0.997,RE_leaf,0.003,RE_fil,0.000,MS,0.000,KE_stipe,0.000,SU_bould
image_17.jpg,1447,754,BR_sarg,brown_algae_sargassum,224,,,,,,,,,,
image_17.jpg,1825,754,GR_ulva,green_algae_ulva,224,1.000,GR_ulva,0.000,RE_leaf,0.000,SI_kelpBry,0.000,KE_sugar,0.000,SI
image_17.jpg,2204,754,GR_ulva,green_algae_ulva,224,0.996,GR_ulva,0.003,KE_stipe,0.000,SU_bould,0.000,RE_bush,0.000,MS
image_17.jpg,2582,754,SU_silt,silt,224,,,,,,,,,,
image_17.jpg,2961,754,RE_leaf,red_algae_flat_leaf,224,,,,,,,,,,
image_17.jpg,3339,754,SU_silt,silt,224,0.998,SU_silt,0.002,MS,0.000,SU_peb,0.000,SU_shell,0.000,RE_leaf
image_17.jpg,3718,754,RE_leaf,red_algae_flat_leaf,224,0.508,RE_leaf,0.491,KE_5rib,0.001,RE_fil,0.000,MS,0.000,KE_stipe
image_17.jpg,312,1196,GR_ulva,green_algae_ulva,224,1.000,GR_ulva,0.000,BR_sarg,0.000,MS,0.000,KE_stipe,0.000,KE_bull
image_17.jpg,690,1196,RE_branch,red_algae_branching,224,,,,,,,,,,
image_17.jpg,1068,1196,RE_branch,red_algae_branching,224,,,,,,,,,,
image_17.jpg,1447,1196,GR_ulva,green_algae_ulva,224,1.000,GR_ulva,0.000,KE_stipe,0.000,RE_leaf,0.000,KE_holdfas,0.000,KE_bull
image_17.jpg,1825,1196,GR_ulva,green_algae_ulva,224,0.991,GR_ulva,0.008,RE_leaf,0.001,KE_bull,0.000,KE_stipe,0.000,MS
image_17.jpg,2204,1196,SU_silt,silt,224,,,,,,,,,,
image_17.jpg,2582,1196,SU_silt,silt,224,1.000,SU_silt,0.000,SU_shell,0.000,SU_sand,0.000,RE_CCA,0.000,MS
image_17.jpg,2961,1196,SU_silt,silt,224,0.999,SU_silt,0.001,SU_sand,0.000,SU_shell,0.000,MS,0.000,RE_bush
image_17.jpg,3339,1196,RE_leaf,red_algae_flat_leaf,224,,,,,,,,,,
image_17.jpg,3718,1196,RE_fil,red_algae_filamentous,224,0.725,RE_fil,0.275,RE_leaf,0.000,KE_5rib,0.000,MS,0.000,GR_ulva
image_17.jpg,312,1639,GR_ulva,green_algae_ulva,224,0.961,GR_ulva,0.022,SU_peb,0.009,MS,0.003,SU_silt,0.002,SU_shell
image_17.jpg,690,1639,GR_ulva,green_algae_ulva,224,1.000,GR_ulva,0.000,KE_bull,0.000,RE_leaf,0.000,BR_sarg,0.000,SI_kelpBry
image_17.jpg,1068,1639,GR_ulva,green_algae_ulva,224,1.000,GR_ulva,0.000,KE_5rib,0.000,unknown,0.000,KE_sugar,0.000,RE_leaf
image_17.jpg,1447,1639,RE_leaf,red_algae_flat_leaf,224,0.922,RE_leaf,0.076,RE_fil,0.000,KE_bull,0.000,RE_branch,0.000,KE_holdfas
image_17.jpg,1825,1639,GR_ulva,green_algae_ulva,224,0.921,GR_ulva,0.039,BR_sarg,0.034,KE_stipe,0.003,RE_fil,0.002,KE_bull
image_17.jpg,2204,1639,GR_ulva,green_algae_ulva,224,0.996,GR_ulva,0.003,KE_bull,0.000,KE_stipe,0.000,RE_leaf,0.000,MS
image_17.jpg,2582,1639,BR_sarg,brown_algae_sargassum,224,1.000,BR_sarg,0.000,RE_branch,0.000,RE_leaf,0.000,BR_fucus,0.000,MS
image_17.jpg,2961,1639,BR_sarg,brown_algae_sargassum,224,1.000,BR_sarg,0.000,RE_branch,0.000,RE_leaf,0.000,GR_ulva,0.000,MS
image_17.jpg,3339,1639,RE_fil,red_algae_filamentous,224,0.998,RE_fil,0.001,RE_branch,0.000,RE_bush,0.000,MS,0.000,RE_leaf
image_17.jpg,3718,1639,RE_fil,red_algae_filamentous,224,0.815,RE_fil,0.185,RE_bush,0.000,RE_leaf,0.000,KE_stipe,0.000,KE_holdfas
image_17.jpg,312,2081,GR_ulva,green_algae_ulva,224,1.000,GR_ulva,0.000,KE_holdfas,0.000,KE_bull,0.000,RE_leaf,0.000,BR_fucus
image_17.jpg,690,2081,GR_ulva,green_algae_ulva,224,1.000,GR_ulva,0.000,RE_leaf,0.000,KE_5rib,0.000,unknown,0.000,SI_kelpBry
image_17.jpg,1068,2081,GR_ulva,green_algae_ulva,224,1.000,GR_ulva,0.000,KE_bull,0.000,KE_stipe,0.000,RE_leaf,0.000,BR_sarg
image_17.jpg,1447,2081,RE_fil,red_algae_filamentous,224,0.993,RE_fil,0.005,KE_stipe,0.001,SU_bould,0.000,MS,0.000,RE_bush
image_17.jpg,1825,2081,RE_leaf,red_algae_flat_leaf,224,0.840,RE_leaf,0.081,RE_fil,0.072,KE_sugar,0.005,MS,0.001,KE_stipe
image_17.jpg,2204,2081,RE_leaf,red_algae_flat_leaf,224,1.000,RE_leaf,0.000,KE_sugar,0.000,KE_bull,0.000,KE_stipe,0.000,MS
image_17.jpg,2582,2081,RE_leaf,red_algae_flat_leaf,224,0.998,RE_leaf,0.002,KE_bull,0.000,BR_sarg,0.000,GR_ulva,0.000,KE_sugar
image_17.jpg,2961,2081,RE_leaf,red_algae_flat_leaf,224,0.995,RE_leaf,0.004,RE_fil,0.000,KE_sieve,0.000,KE_stipe,0.000,MS
image_17.jpg,3339,2081,RE_leaf,red_algae_flat_leaf,224,1.000,RE_leaf,0.000,KE_5rib,0.000,GR_ulva,0.000,KE_sugar,0.000,KE_sieve
image_17.jpg,3718,2081,RE_fil,red_algae_filamentous,224,1.000,RE_fil,0.000,RE_leaf,0.000,RE_bush,0.000,SI,0.000,BR_sarg
image_17.jpg,312,2524,GR_ulva,green_algae_ulva,224,1.000,GR_ulva,0.000,BR_sarg,0.000,BR_fucus,0.000,KE_5rib,0.000,KE_sieve
image_17.jpg,690,2524,SU_silt,silt,224,0.425,SU_silt,0.198,MS,0.146,GR_ulva,0.110,RE_CCA,0.036,SU_sand
image_17.jpg,1068,2524,GR_ulva,green_algae_ulva,224,1.000,GR_ulva,0.000,KE_sugar,0.000,KE_bull,0.000,BR_sarg,0.000,MS
image_17.jpg,1447,2524,GR_ulva,green_algae_ulva,224,0.996,GR_ulva,0.002,KE_bull,0.001,SU_bould,0.001,KE_sugar,0.000,RE_fil
image_17.jpg,1825,2524,RE_fil,red_algae_filamentous,224,0.823,RE_fil,0.133,GR_ulva,0.020,KE_stipe,0.015,BR_sarg,0.002,KE_holdfas
image_17.jpg,2204,2524,RE_leaf,red_algae_flat_leaf,224,1.000,RE_leaf,0.000,RE_branch,0.000,KE_bull,0.000,MS,0.000,GR_ulva
image_17.jpg,2582,2524,RE_branch,red_algae_branching,224,1.000,RE_branch,0.000,RE_fil,0.000,RE_leaf,0.000,BR_sarg,0.000,RE_CCA
image_17.jpg,2961,2524,RE_leaf,red_algae_flat_leaf,224,1.000,RE_leaf,0.000,KE_sugar,0.000,GR_ulva,0.000,KE_bull,0.000,MS
image_17.jpg,3339,2524,MS,mobile_species,224,1.000,MS,0.000,KE_stipe,0.000,SU_bould,0.000,SI,0.000,SU_shell
image_17.jpg,3718,2524,unknown,unknown_area,224,,,,,,,,,,
image_17.jpg,312,2966,GR_ulva,green_algae_ulva,224,1.000,GR_ulva,0.000,BR_sarg,0.000,BR_fucus,0.000,KE_stipe,0.000,KE_bull
image_17.jpg,690,2966,RE_fil,red_algae_filamentous,224,0.974,RE_fil,0.013,KE_stipe,0.010,MS,0.003,SU_shell,0.000,SU_bould
image_17.jpg,1068,2966,GR_ulva,green_algae_ulva,224,1.000,GR_ulva,0.000,KE_bull,0.000,KE_sugar,0.000,BR_fucus,0.000,SU_bould
image_17.jpg,1447,2966,GR_ulva,green_algae_ulva,224,0.995,GR_ulva,0.003,KE_sugar,0.001,SU_bould,0.000,SU_silt,0.000,MS
image_17.jpg,1825,2966,GR_ulva,green_algae_ulva,224,0.999,GR_ulva,0.000,KE_stipe,0.000,KE_sieve,0.000,KE_bull,0.000,RE_fil
image_17.jpg,2204,2966,GR_ulva,green_algae_ulva,224,,,,,,,,,,
image_17.jpg,2582,2966,RE_fil,red_algae_filamentous,224,,,,,,,,,,
image_17.jpg,2961,2966,RE_branch,red_algae_branching,224,0.999,RE_branch,0.001,RE_leaf,0.000,BR_sarg,0.000,RE_fil,0.000,MS
image_17.jpg,3339,2966,RE_branch,red_algae_branching,224,,,,,,,,,,
image_17.jpg,3718,2966,GR_ulva,green_algae_ulva,224,1.000,GR_ulva,0.000,KE_sieve,0.000,SU_bould,0.000,KE_stipe,0.000,BR_sarg
image_17.jpg,312,3409,GR_ulva,green_algae_ulva,224,0.992,GR_ulva,0.004,SU_bould,0.002,BR_sarg,0.000,unknown,0.000,KE_bull
image_17.jpg,690,3409,GR_ulva,green_algae_ulva,224,1.000,GR_ulva,0.000,BR_sarg,0.000,SU_peb,0.000,SU_bould,0.000,KE_stipe
image_17.jpg,1068,3409,GR_ulva,green_algae_ulva,224,1.000,GR_ulva,0.000,SU_bould,0.000,KE_stipe,0.000,BR_sarg,0.000,KE_sieve
image_17.jpg,1447,3409,GR_ulva,green_algae_ulva,224,1.000,GR_ulva,0.000,SU_bould,0.000,BR_sarg,0.000,BR_fucus,0.000,KE_sieve
image_17.jpg,1825,3409,GR_ulva,green_algae_ulva,224,1.000,GR_ulva,0.000,KE_bull,0.000,BR_sarg,0.000,SU_bould,0.000,KE_stipe
image_17.jpg,2204,3409,RE_branch,red_algae_branching,224,1.000,RE_branch,0.000,RE_bush,0.000,BR_sarg,0.000,RE_fil,0.000,KE_holdfas
image_17.jpg,2582,3409,RE_leaf,red_algae_flat_leaf,224,0.999,RE_leaf,0.001,RE_branch,0.000,MS,0.000,SU_peb,0.000,KE_sieve
image_17.jpg,2961,3409,RE_leaf,red_algae_flat_leaf,224,1.000,RE_leaf,0.000,RE_branch,0.000,RE_fil,0.000,SU_peb,0.000,MS
image_17.jpg,3339,3409,RE_branch,red_algae_branching,224,0.998,RE_branch,0.002,RE_bush,0.000,RE_fil,0.000,BR_sarg,0.000,RE_leaf
image_17.jpg,3718,3409,BR_sarg,brown_algae_sargassum,224,0.947,BR_sarg,0.020,RE_CCA,0.014,SU_bould,0.010,KE_stipe,0.005,BR_fucus
image_17.jpg,312,3851,GR_ulva,green_algae_ulva,224,0.999,GR_ulva,0.000,SU_cob,0.000,BR_sarg,0.000,KE_sieve,0.000,KE_5rib
image_17.jpg,690,3851,GR_ulva,green_algae_ulva,224,1.000,GR_ulva,0.000,KE_sieve,0.000,KE_stipe,0.000,KE_sugar,0.000,KE_bull
image_17.jpg,1068,3851,RE_leaf,red_algae_flat_leaf,224,,,,,,,,,,
image_17.jpg,1447,3851,RE_branch,red_algae_branching,224,,,,,,,,,,
image_17.jpg,1825,3851,RE_branch,red_algae_branching,224,0.999,RE_branch,0.001,RE_bush,0.000,RE_leaf,0.000,MS,0.000,BR_sarg
image_17.jpg,2204,3851,RE_leaf,red_algae_flat_leaf,224,0.999,RE_leaf,0.000,MS,0.000,RE_branch,0.000,RE_bush,0.000,SI
image_17.jpg,2582,3851,RE_branch,red_algae_branching,224,0.995,RE_branch,0.003,BR_sarg,0.002,RE_bush,0.000,RE_leaf,0.000,RE_fil
image_17.jpg,2961,3851,RE_leaf,red_algae_flat_leaf,224,0.974,RE_leaf,0.026,GR_ulva,0.000,KE_stipe,0.000,KE_bull,0.000,KE_5rib
image_17.jpg,3339,3851,GR_ulva,green_algae_ulva,224,1.000,GR_ulva,0.000,BR_sarg,0.000,MS,0.000,KE_stipe,0.000,SU_cob
image_17.jpg,3718,3851,GR_ulva,green_algae_ulva,224,1.000,GR_ulva,0.000,unknown,0.000,RE_leaf,0.000,BR_sarg,0.000,KE_stipe
image_17.jpg,312,4294,GR_ulva,green_algae_ulva,224,0.999,GR_ulva,0.001,KE_stipe,0.000,BR_sarg,0.000,BR_fucus,0.000,KE_bull
image_17.jpg,690,4294,GR_ulva,green_algae_ulva,224,,,,,,,,,,
image_17.jpg,1068,4294,RE_leaf,red_algae_flat_leaf,224,0.956,RE_leaf,0.044,RE_branch,0.000,RE_CCA,0.000,MS,0.000,RE_fil
image_17.jpg,1447,4294,RE_leaf,red_algae_flat_leaf,224,1.000,RE_leaf,0.000,RE_fil,0.000,MS,0.000,SU_cob,0.000,GR_ulva
image_17.jpg,1825,4294,RE_leaf,red_algae_flat_leaf,224,1.000,RE_leaf,0.000,RE_branch,0.000,MS,0.000,GR_ulva,0.000,RE_fil
image_17.jpg,2204,4294,RE_leaf,red_algae_flat_leaf,224,1.000,RE_leaf,0.000,MS,0.000,RE_fil,0.000,RE_branch,0.000,KE_sugar
image_17.jpg,2582,4294,GR_ulva,green_algae_ulva,224,0.997,GR_ulva,0.002,KE_5rib,0.001,KE_sieve,0.000,BR_sarg,0.000,SU_cob
image_17.jpg,2961,4294,GR_ulva,green_algae_ulva,224,1.000,GR_ulva,0.000,KE_stipe,0.000,RE_leaf,0.000,MS,0.000,BR_sarg
image_17.jpg,3339,4294,GR_ulva,green_algae_ulva,224,,,,,,,,,,
image_17.jpg,3718,4294,GR_ulva,green_algae_ulva,224,1.000,GR_ulva,0.000,unknown,0.000,KE_stipe,0.000,MS,0.000,KE_5rib
image_18.jpg,312,312,GR_ulva,green_algae_ulva,224,1.000,GR_ulva,0.000,KE_sugar,0.000,unknown,0.000,KE_stipe,0.000,MS
image_18.jpg,733,312,unknown,unknown_area,224,,,,,,,,,,
image_18.jpg,1154,312,KE_sugar,kelp_sugar,224,0.848,KE_sugar,0.101,RE_leaf,0.042,MS,0.006,GR_ulva,0.003,KE_sieve
image_18.jpg,1575,312,KE_sugar,kelp_sugar,224,0.826,KE_sugar,0.165,KE_sieve,0.004,KE_5rib,0.002,RE_leaf,0.001,SI_kelpBry
image_18.jpg,1996,312,KE_sugar,kelp_sugar,224,0.967,KE_sugar,0.033,MS,0.000,RE_leaf,0.000,SU_silt,0.000,GR_ulva
image_18.jpg,2417,312,KE_sugar,kelp_sugar,224,,,,,,,,,,
image_18.jpg,2838,312,SU_bould,boulder,224,0.859,SU_bould,0.091,SU_cob,0.019,BR_fucus,0.008,SU_peb,0.008,KE_5rib
image_18.jpg,3259,312,KE_sugar,kelp_sugar,224,1.000,KE_sugar,0.000,SI_kelpBry,0.000,KE_sieve,0.000,RE_leaf,0.000,MS
image_18.jpg,3680,312,KE_sugar,kelp_sugar,224,0.366,KE_sugar,0.325,KE_sieve,0.109,KE_5rib,0.068,GR_ulva,0.064,SU_bould
image_18.jpg,4102,312,unknown,unknown_area,224,0.770,unknown,0.049,RE_branch,0.041,RE_bush,0.032,KE_5rib,0.022,MS
image_18.jpg,312,803,GR_ulva,green_algae_ulva,224,1.000,GR_ulva,0.000,unknown,0.000,KE_stipe,0.000,SU_bould,0.000,BR_sarg
image_18.jpg,733,803,GR_ulva,green_algae_ulva,224,0.996,GR_ulva,0.002,unknown,0.001,RE_leaf,0.001,KE_sieve,0.000,KE_sugar
image_18.jpg,1154,803,GR_ulva,green_algae_ulva,224,0.274,GR_ulva,0.173,RE_leaf,0.146,SU_silt,0.125,KE_sieve,0.054,KE_sugar
image_18.jpg,1575,803,KE_sugar,kelp_sugar,224,,,,,,,,,,
image_18.jpg,1996,803,KE_sugar,kelp_sugar,224,1.000,KE_sugar,0.000,KE_sieve,0.000,KE_5rib,0.000,MS,0.000,SI_kelpBry
image_18.jpg,2417,803,KE_sugar,kelp_sugar,224,0.811,KE_sugar,0.110,SU_silt,0.079,SU_cob,0.000,KE_sieve,0.000,SU_bould
image_18.jpg,2838,803,unknown,unknown_area,224,,,,,,,,,,
image_18.jpg,3259,803,KE_sugar,kelp_sugar,224,,,,,,,,,,
image_18.jpg,3680,803,KE_sugar,kelp_sugar,224,,,,,,,,,,
image_18.jpg,4102,803,SU_bould,boulder,224,0.875,SU_bould,0.044,SU_peb,0.040,SU_cob,0.030,KE_stipe,0.006,unknown
image_18.jpg,312,1294,GR_ulva,green_algae_ulva,224,0.999,GR_ulva,0.000,MS,0.000,unknown,0.000,SU_cob,0.000,KE_5rib
image_18.jpg,733,1294,GR_ulva,green_algae_ulva,224,0.814,GR_ulva,0.175,KE_stipe,0.009,KE_sugar,0.001,unknown,0.000,MS
image_18.jpg,1154,1294,KE_sugar,kelp_sugar,224,0.987,KE_sugar,0.010,GR_ulva,0.002,KE_5rib,0.001,KE_sieve,0.000,unknown
image_18.jpg,1575,1294,KE_sugar,kelp_sugar,224,,,,,,,,,,
image_18.jpg,1996,1294,KE_sugar,kelp_sugar,224,0.808,KE_sugar,0.189,KE_5rib,0.003,KE_sieve,0.000,MS,0.000,GR_ulva
image_18.jpg,2417,1294,KE_sugar,kelp_sugar,224,0.995,KE_sugar,0.004,MS,0.000,GR_ulva,0.000,KE_5rib,0.000,RE_leaf
image_18.jpg,2838,1294,KE_sugar,kelp_sugar,224,0.782,KE_sugar,0.197,KE_5rib,0.017,GR_ulva,0.002,MS,0.001,RE_leaf
image_18.jpg,3259,1294,SU_shell,shell_hash,224,0.922,SU_shell,0.057,SU_peb,0.008,SU_cob,0.006,MS,0.004,BR_fucus
image_18.jpg,3680,1294,KE_sugar,kelp_sugar,224,0.986,KE_sugar,0.011,RE_leaf,0.001,KE_stipe,0.001,SU_bould,0.001,KE_5rib
image_18.jpg,4102,1294,SU_cob,cobble,224,,,,,,,,,,
image_18.jpg,312,1785,GR_ulva,green_algae_ulva,224,0.999,GR_ulva,0.000,KE_sieve,0.000,KE_bull,0.000,SU_silt,0.000,KE_stipe
image_18.jpg,733,1785,KE_sugar,kelp_sugar,224,,,,,,,,,,
image_18.jpg,1154,1785,KE_sugar,kelp_sugar,224,1.000,KE_sugar,0.000,MS,0.000,GR_ulva,0.000,KE_5rib,0.000,SU_bould
image_18.jpg,1575,1785,KE_sugar,kelp_sugar,224,0.990,KE_sugar,0.009,KE_sieve,0.001,RE_branch,0.000,RE_leaf,0.000,SI_kelpBry
image_18.jpg,1996,1785,KE_sugar,kelp_sugar,224,,,,,,,,,,
image_18.jpg,2417,1785,KE_sugar,kelp_sugar,224,0.639,KE_sugar,0.361,KE_sieve,0.000,KE_5rib,0.000,GR_ulva,0.000,RE_leaf
image_18.jpg,2838,1785,KE_sugar,kelp_sugar,224,1.000,KE_sugar,0.000,RE_leaf,0.000,KE_sieve,0.000,MS,0.000,GR_ulva
image_18.jpg,3259,1785,GR_ulva,green_algae_ulva,224,,,,,,,,,,
image_18.jpg,3680,1785,KE_sugar,kelp_sugar,224,1.000,KE_sugar,0.000,RE_leaf,0.000,SI_kelpBry,0.000,BR_fucus,0.000,SU_peb
image_18.jpg,4102,1785,KE_sugar,kelp_sugar,224,0.985,KE_sugar,0.008,SU_bould,0.006,KE_5rib,0.000,RE_leaf,0.000,unknown
image_18.jpg,312,2276,KE_sugar,kelp_sugar,224,0.645,KE_sugar,0.215,KE_sieve,0.135,KE_stipe,0.002,RE_leaf,0.002,MS
image_18.jpg,733,2276,KE_sugar,kelp_sugar,224,0.984,KE_sugar,0.016,SU_cob,0.000,RE_fil,0.000,KE_5rib,0.000,KE_sieve
image_18.jpg,1154,2276,KE_sugar,kelp_sugar,224,1.000,KE_sugar,0.000,KE_sieve,0.000,KE_5rib,0.000,SU_silt,0.000,SU_bould
image_18.jpg,1575,2276,KE_sugar,kelp_sugar,224,,,,,,,,,,
image_18.jpg,1996,2276,KE_sugar,kelp_sugar,224,1.000,KE_sugar,0.000,MS,0.000,KE_sieve,0.000,GR_ulva,0.000,RE_leaf
image_18.jpg,2417,2276,KE_sugar,kelp_sugar,224,0.990,KE_sugar,0.007,RE_leaf,0.002,SI,0.001,KE_holdfas,0.000,KE_sieve
image_18.jpg,2838,2276,KE_sugar,kelp_sugar,224,0.660,KE_sugar,0.340,KE_sieve,0.000,KE_5rib,0.000,GR_ulva,0.000,KE_stipe
image_18.jpg,3259,2276,KE_sugar,kelp_sugar,224,,,,,,,,,,
image_18.jpg,3680,2276,GR_ulva,green_algae_ulva,224,0.741,GR_ulva,0.139,KE_sieve,0.111,BR_fucus,0.003,KE_5rib,0.002,KE_bull
image_18.jpg,4102,2276,KE_sugar,kelp_sugar,224,1.000,KE_sugar,0.000,RE_leaf,0.000,MS,0.000,KE_5rib,0.000,KE_sieve
image_18.jpg,312,2767,MS,mobile_species,224,,,,,,,,,,
image_18.jpg,733,2767,KE_sugar,kelp_sugar,224,1.000,KE_sugar,0.000,KE_sieve,0.000,RE_leaf,0.000,MS,0.000,SI_kelpBry
image_18.jpg,1154,2767,KE_sugar,kelp_sugar,224,1.000,KE_sugar,0.000,KE_sieve,0.000,MS,0.000,BR_sarg,0.000,SI_kelpBry
image_18.jpg,1575,2767,KE_sugar,kelp_sugar,224,0.999,KE_sugar,0.001,KE_sieve,0.000,KE_5rib,0.000,GR_ulva,0.000,RE_leaf
image_18.jpg,1996,2767,KE_sugar,kelp_sugar,224,0.972,KE_sugar,0.028,RE_leaf,0.000,KE_bull,0.000,RE_fil,0.000,MS
image_18.jpg,2417,2767,MS,mobile_species,224,1.000,MS,0.000,SU_shell,0.000,RE_CCA,0.000,SI,0.000,RE_fil
image_18.jpg,2838,2767,MS,mobile_species,224,0.999,MS,0.001,KE_bull,0.000,SI,0.000,SU_bould,0.000,SU_peb
image_18.jpg,3259,2767,GR_ulva,green_algae_ulva,224,0.606,GR_ulva,0.317,KE_sieve,0.032,KE_sugar,0.020,RE_branch,0.012,RE_leaf
image_18.jpg,3680,2767,GR_ulva,green_algae_ulva,224,0.773,GR_ulva,0.225,KE_bull,0.002,SU_bould,0.000,MS,0.000,KE_stipe
image_18.jpg,4102,2767,KE_sugar,kelp_sugar,224,0.940,KE_sugar,0.044,KE_bull,0.006,SU_bould,0.005,KE_sieve,0.002,RE_leaf
image_18.jpg,312,3258,KE_sugar,kelp_sugar,224,1.000,KE_sugar,0.000,SU_bould,0.000,MS,0.000,KE_sieve,0.000,RE_leaf
image_18.jpg,733,3258,KE_sugar,kelp_sugar,224,0.965,KE_sugar,0.035,KE_sieve,0.000,SU_cob,0.000,MS,0.000,GR_ulva
image_18.jpg,1154,3258,KE_sugar,kelp_sugar,224,0.999,KE_sugar,0.001,KE_sieve,0.000,MS,0.000,KE_5rib,0.000,RE_leaf
image_18.jpg,1575,3258,KE_sugar,kelp_sugar,224,1.000,KE_sugar,0.000,SI_kelpBry,0.000,MS,0.000,RE_leaf,0.000,KE_bull
image_18.jpg,1996,3258,KE_sugar,kelp_sugar,224,0.994,KE_sugar,0.004,BR_fucus,0.001,SI_kelpBry,0.001,RE_branch,0.000,MS
image_18.jpg,2417,3258,MS,mobile_species,224,1.000,MS,0.000,SU_peb,0.000,SI,0.000,SU_bould,0.000,SU_cob
image_18.jpg,2838,3258,KE_sugar,kelp_sugar,224,1.000,KE_sugar,0.000,KE_sieve,0.000,KE_5rib,0.000,KE_bull,0.000,RE_leaf
image_18.jpg,3259,3258,SU_peb,pebble,224,,,,,,,,,,
image_18.jpg,3680,3258,SU_peb,pebble,224,0.771,SU_peb,0.229,SU_cob,0.000,SU_bould,0.000,MS,0.000,KE_stipe
image_18.jpg,4102,3258,SU_peb,pebble,224,0.953,SU_peb,0.028,MS,0.009,BR_fucus,0.007,RE_branch,0.001,KE_sugar
image_18.jpg,312,3749,KE_sugar,kelp_sugar,224,1.000,KE_sugar,0.000,RE_leaf,0.000,KE_sieve,0.000,SI_kelpBry,0.000,MS
image_18.jpg,733,3749,KE_sugar,kelp_sugar,224,0.805,KE_sugar,0.195,KE_sieve,0.000,KE_5rib,0.000,RE_leaf,0.000,SU_cob
image_18.jpg,1154,3749,KE_sugar,kelp_sugar,224,0.987,KE_sugar,0.013,KE_5rib,0.000,KE_sieve,0.000,RE_leaf,0.000,MS
image_18.jpg,1575,3749,KE_sugar,kelp_sugar,224,0.994,KE_sugar,0.006,KE_5rib,0.000,KE_sieve,0.000,RE_leaf,0.000,SU_bould
image_18.jpg,1996,3749,KE_sugar,kelp_sugar,224,1.000,KE_sugar,0.000,MS,0.000,RE_leaf,0.000,RE_branch,0.000,KE_5rib
image_18.jpg,2417,3749,KE_sugar,kelp_sugar,224,0.999,KE_sugar,0.001,GR_ulva,0.000,RE_leaf,0.000,MS,0.000,KE_stipe
image_18.jpg,2838,3749,KE_sugar,kelp_sugar,224,0.992,KE_sugar,0.005,SU_bould,0.002,KE_sieve,0.000,RE_leaf,0.000,GR_ulva
image_18.jpg,3259,3749,SU_peb,pebble,224,,,,,,,,,,
image_18.jpg,3680,3749,SU_peb,pebble,224,1.000,SU_peb,0.000,KE_stipe,0.000,SI_kelpBry,0.000,SU_bould,0.000,KE_bull
image_18.jpg,4102,3749,SU_silt,silt,224,0.595,SU_silt,0.245,SU_cob,0.135,SU_bould,0.020,KE_5rib,0.003,RE_fil
image_18.jpg,312,4240,KE_sugar,kelp_sugar,224,,,,,,,,,,
image_18.jpg,733,4240,KE_sugar,kelp_sugar,224,1.000,KE_sugar,0.000,RE_leaf,0.000,KE_sieve,0.000,KE_stipe,0.000,MS
image_18.jpg,1154,4240,KE_sugar,kelp_sugar,224,0.848,KE_sugar,0.130,KE_sieve,0.015,RE_branch,0.006,RE_leaf,0.001,SI_kelpBry
image_18.jpg,1575,4240,KE_sugar,kelp_sugar,224,1.000,KE_sugar,0.000,RE_leaf,0.000,KE_5rib,0.000,MS,0.000,SU_peb
image_18.jpg,1996,4240,KE_sugar,kelp_sugar,224,0.717,KE_sugar,0.157,KE_sieve,0.049,KE_5rib,0.044,RE_branch,0.025,MS
image_18.jpg,2417,4240,GR_ulva,green_algae_ulva,224,,,,,,,,,,
image_18.jpg,2838,4240,SU_cob,cobble,224,0.997,SU_cob,0.002,SU_peb,0.000,SU_bould,0.000,SU_shell,0.000,SU_silt
image_18.jpg,3259,4240,SU_peb,pebble,224,,,,,,,,,,
image_18.jpg,3680,4240,SU_peb,pebble,224,0.994,SU_peb,0.003,SU_bould,0.002,MS,0.000,KE_stipe,0.000,SU_cob
image_18.jpg,4102,4240,SU_peb,pebble,224,,,,,,,,,,
image_18.jpg,312,4732,unknown,unknown_area,224,,,,,,,,,,
image_18.jpg,733,4732,unknown,unknown_area,224,,,,,,,,,,
image_18.jpg,1154,4732,unknown,unknown_area,224,,,,,,,,,,
image_18.jpg,1575,4732,KE_sugar,kelp_sugar,224,,,,,,,,,,
image_18.jpg,1996,4732,GR_ulva,green_algae_ulva,224,0.596,GR_ulva,0.223,unknown,0.163,KE_sieve,0.006,SU_silt,0.004,KE_sugar
image_18.jpg,2417,4732,GR_ulva,green_algae_ulva,224,,,,,,,,,,
image_18.jpg,2838,4732,GR_ulva,green_algae_ulva,224,0.973,GR_ulva,0.019,KE_sieve,0.007,unknown,0.000,KE_5rib,0.000,BR_fucus
image_18.jpg,3259,4732,GR_ulva,green_algae_ulva,224,,,,,,,,,,
image_18.jpg,3680,4732,SU_peb,pebble,224,0.969,SU_peb,0.015,KE_5rib,0.013,SU_cob,0.001,SU_bould,0.001,SI_kelpBry
image_18.jpg,4102,4732,SU_peb,pebble,224,,,,,,,,,,
image_19.jpg,312,312,unknown,unknown_area,224,1.000,unknown,0.000,GR_ulva,0.000,RE_leaf,0.000,SU_silt,0.000,KE_stipe
image_19.jpg,690,312,unknown,unknown_area,224,1.000,unknown,0.000,GR_ulva,0.000,MS,0.000,SI,0.000,KE_stipe
image_19.jpg,1068,312,unknown,unknown_area,224,1.000,unknown,0.000,GR_ulva,0.000,MS,0.000,KE_stipe,0.000,KE_sieve
image_19.jpg,1447,312,unknown,unknown_area,224,0.660,unknown,0.140,SU_silt,0.097,GR_ulva,0.054,KE_sieve,0.030,KE_stipe
image_19.jpg,1825,312,unknown,unknown_area,224,0.447,unknown,0.272,GR_ulva,0.176,KE_sieve,0.051,KE_5rib,0.025,SU_silt
image_19.jpg,2204,312,unknown,unknown_area,224,0.991,unknown,0.005,KE_5rib,0.003,GR_ulva,0.001,KE_sugar,0.000,MS
image_19.jpg,2582,312,unknown,unknown_area,224,0.956,unknown,0.032,SU_silt,0.007,GR_ulva,0.002,KE_5rib,0.001,MS
image_19.jpg,2961,312,unknown,unknown_area,224,0.934,unknown,0.032,KE_sieve,0.016,KE_sugar,0.006,SU_cob,0.004,KE_5rib
image_19.jpg,3339,312,unknown,unknown_area,224,0.978,unknown,0.018,KE_sieve,0.002,GR_ulva,0.001,SU_silt,0.001,KE_sugar
image_19.jpg,3718,312,unknown,unknown_area,224,1.000,unknown,0.000,GR_ulva,0.000,MS,0.000,KE_5rib,0.000,KE_sieve
image_19.jpg,312,754,unknown,unknown_area,224,1.000,unknown,0.000,GR_ulva,0.000,KE_5rib,0.000,KE_sieve,0.000,SU_silt
image_19.jpg,690,754,unknown,unknown_area,224,0.999,unknown,0.001,GR_ulva,0.000,KE_5rib,0.000,MS,0.000,KE_sugar
image_19.jpg,1068,754,unknown,unknown_area,224,0.996,unknown,0.004,GR_ulva,0.000,KE_sieve,0.000,KE_stipe,0.000,SU_silt
image_19.jpg,1447,754,unknown,unknown_area,224,0.987,unknown,0.009,GR_ulva,0.001,MS,0.001,KE_5rib,0.001,KE_stipe
image_19.jpg,1825,754,unknown,unknown_area,224,,,,,,,,,,
image_19.jpg,2204,754,RE_fil,red_algae_filamentous,224,,,,,,,,,,
image_19.jpg,2582,754,RE_fil,red_algae_filamentous,224,0.959,RE_fil,0.041,RE_bush,0.000,RE_branch,0.000,KE_5rib,0.000,RE_leaf
image_19.jpg,2961,754,RE_fil,red_algae_filamentous,224,0.518,RE_fil,0.252,KE_5rib,0.223,RE_leaf,0.004,MS,0.001,KE_sugar
image_19.jpg,3339,754,unknown,unknown_area,224,0.810,unknown,0.143,GR_ulva,0.020,KE_sugar,0.013,KE_sieve,0.009,SU_bould
image_19.jpg,3718,754,unknown,unknown_area,224,,,,,,,,,,
image_19.jpg,312,1196,KE_sieve,kelp_sieve,224,0.965,KE_sieve,0.033,GR_ulva,0.001,unknown,0.000,SU_bould,0.000,KE_sugar
image_19.jpg,690,1196,KE_sieve,kelp_sieve,224,0.501,KE_sieve,0.486,GR_ulva,0.009,BR_sarg,0.002,KE_sugar,0.001,RE_leaf
image_19.jpg,1068,1196,unknown,unknown_area,224,,,,,,,,,,
image_19.jpg,1447,1196,unknown,unknown_area,224,,,,,,,,,,
image_19.jpg,1825,1196,RE_fil,red_algae_filamentous,224,0.944,RE_fil,0.051,KE_5rib,0.006,KE_sieve,0.000,RE_bush,0.000,RE_leaf
image_19.jpg,2204,1196,RE_fil,red_algae_filamentous,224,0.998,RE_fil,0.001,SU_bould,0.000,RE_CCA,0.000,RE_leaf,0.000,KE_stipe
image_19.jpg,2582,1196,RE_fil,red_algae_filamentous,224,1.000,RE_fil,0.000,KE_stipe,0.000,BR_sarg,0.000,RE_bush,0.000,MS
image_19.jpg,2961,1196,RE_fil,red_algae_filamentous,224,0.998,RE_fil,0.002,SU_cob,0.000,KE_stipe,0.000,SU_bould,0.000,KE_sieve
image_19.jpg,3339,1196,RE_fil,red_algae_filamentous,224,0.511,RE_fil,0.411,KE_stipe,0.039,KE_sieve,0.037,RE_leaf,0.002,KE_5rib
image_19.jpg,3718,1196,unknown,unknown_area,224,,,,,,,,,,
image_19.jpg,312,1639,KE_sieve,kelp_sieve,224,,,,,,,,,,
image_19.jpg,690,1639,KE_sieve,kelp_sieve,224,0.904,KE_sieve,0.094,KE_sugar,0.001,GR_ulva,0.001,KE_bull,0.000,RE_leaf
image_19.jpg,1068,1639,KE_sieve,kelp_sieve,224,0.560,KE_sieve,0.428,KE_5rib,0.012,GR_ulva,0.000,KE_sugar,0.000,KE_stipe
image_19.jpg,1447,1639,KE_stipe,kelp_stipe,224,0.701,KE_stipe,0.092,KE_sieve,0.071,RE_leaf,0.067,BR_sarg,0.055,RE_fil
image_19.jpg,1825,1639,RE_fil,red_algae_filamentous,224,1.000,RE_fil,0.000,SU_bould,0.000,RE_bush,0.000,RE_leaf,0.000,KE_sieve
image_19.jpg,2204,1639,RE_fil,red_algae_filamentous,224,1.000,RE_fil,0.000,SU_bould,0.000,RE_bush,0.000,RE_branch,0.000,KE_5rib
image_19.jpg,2582,1639,RE_fil,red_algae_filamentous,224,1.000,RE_fil,0.000,KE_sieve,0.000,KE_5rib,0.000,KE_sugar,0.000,SU_bould
image_19.jpg,2961,1639,SU_bould,boulder,224,,,,,,,,,,
image_19.jpg,3339,1639,RE_fil,red_algae_filamentous,224,1.000,RE_fil,0.000,SU_cob,0.000,KE_sugar,0.000,MS,0.000,KE_sieve
image_19.jpg,3718,1639,unknown,unknown_area,224,,,,,,,,,,
image_19.jpg,312,2081,KE_sieve,kelp_sieve,224,,,,,,,,,,
image_19.jpg,690,2081,SU_bould,boulder,224,0.470,SU_bould,0.378,KE_sieve,0.086,SU_peb,0.045,SU_cob,0.009,GR_ulva
image_19.jpg,1068,2081,KE_sieve,kelp_sieve,224,1.000,KE_sieve,0.000,KE_5rib,0.000,MS,0.000,KE_sugar,0.000,RE_fil
image_19.jpg,1447,2081,KE_sieve,kelp_sieve,224,0.969,KE_sieve,0.019,BR_sarg,0.009,KE_sugar,0.001,KE_5rib,0.001,KE_stipe
image_19.jpg,1825,2081,RE_fil,red_algae_filamentous,224,1.000,RE_fil,0.000,RE_bush,0.000,RE_branch,0.000,SU_bould,0.000,RE_leaf
image_19.jpg,2204,2081,RE_fil,red_algae_filamentous,224,1.000,RE_fil,0.000,SU_bould,0.000,KE_sieve,0.000,KE_stipe,0.000,SU_peb
image_19.jpg,2582,2081,RE_fil,red_algae_filamentous,224,1.000,RE_fil,0.000,KE_sieve,0.000,MS,0.000,SU_bould,0.000,KE_stipe
image_19.jpg,2961,2081,MS,mobile_species,224,0.826,MS,0.171,KE_stipe,0.001,RE_fil,0.000,RE_CCA,0.000,KE_holdfas
image_19.jpg,3339,2081,SU_bould,boulder,224,0.984,SU_bould,0.014,SU_cob,0.001,KE_stipe,0.001,KE_sieve,0.000,BR_fucus
image_19.jpg,3718,2081,RE_fil,red_algae_filamentous,224,,,,,,,,,,
image_19.jpg,312,2524,unknown,unknown_area,224,,,,,,,,,,
image_19.jpg,690,2524,SU_bould,boulder,224,0.919,SU_bould,0.078,KE_holdfas,0.003,RE_fil,0.000,RE_branch,0.000,MS
image_19.jpg,1068,2524,SU_bould,boulder,224,,,,,,,,,,
image_19.jpg,1447,2524,RE_branch,red_algae_branching,224,1.000,RE_branch,0.000,BR_sarg,0.000,RE_leaf,0.000,RE_bush,0.000,RE_fil
image_19.jpg,1825,2524,RE_fil,red_algae_filamentous,224,1.000,RE_fil,0.000,SI,0.000,RE_CCA,0.000,MS,0.000,KE_stipe
image_19.jpg,2204,2524,RE_fil,red_algae_filamentous,224,1.000,RE_fil,0.000,KE_sugar,0.000,MS,0.000,RE_leaf,0.000,KE_stipe
image_19.jpg,2582,2524,SU_bould,boulder,224,,,,,,,,,,
image_19.jpg,2961,2524,RE_fil,red_algae_filamentous,224,1.000,RE_fil,0.000,RE_bush,0.000,RE_leaf,0.000,KE_sieve,0.000,SU_bould
image_19.jpg,3339,2524,SU_bould,boulder,224,,,,,,,,,,
image_19.jpg,3718,2524,SU_bould,boulder,224,,,,,,,,,,
image_19.jpg,312,2966,unknown,unknown_area,224,,,,,,,,,,
image_19.jpg,690,2966,SU_bould,boulder,224,1.000,SU_bould,0.000,RE_CCA,0.000,SU_cob,0.000,MS,0.000,SU_peb
image_19.jpg,1068,2966,SU_bould,boulder,224,,,,,,,,,,
image_19.jpg,1447,2966,SU_bould,boulder,224,,,,,,,,,,
image_19.jpg,1825,2966,SU_bould,boulder,224,,,,,,,,,,
image_19.jpg,2204,2966,RE_fil,red_algae_filamentous,224,1.000,RE_fil,0.000,KE_sugar,0.000,RE_bush,0.000,RE_leaf,0.000,SU_bould
image_19.jpg,2582,2966,RE_fil,red_algae_filamentous,224,0.999,RE_fil,0.000,SU_cob,0.000,SU_peb,0.000,MS,0.000,KE_sieve
image_19.jpg,2961,2966,RE_fil,red_algae_filamentous,224,1.000,RE_fil,0.000,KE_sieve,0.000,RE_bush,0.000,KE_stipe,0.000,RE_leaf
image_19.jpg,3339,2966,RE_branch,red_algae_branching,224,,,,,,,,,,
image_19.jpg,3718,2966,RE_branch,red_algae_branching,224,,,,,,,,,,
image_19.jpg,312,3409,unknown,unknown_area,224,,,,,,,,,,
image_19.jpg,690,3409,SU_bould,boulder,224,0.999,SU_bould,0.000,SU_cob,0.000,KE_sugar,0.000,MS,0.000,BR_fucus
image_19.jpg,1068,3409,SU_bould,boulder,224,0.922,SU_bould,0.072,SU_shell,0.003,SU_peb,0.002,SU_cob,0.001,SI
image_19.jpg,1447,3409,SU_bould,boulder,224,,,,,,,,,,
image_19.jpg,1825,3409,SU_bould,boulder,224,0.675,SU_bould,0.158,SU_cob,0.035,KE_stipe,0.023,MS,0.022,RE_leaf
image_19.jpg,2204,3409,RE_fil,red_algae_filamentous,224,1.000,RE_fil,0.000,RE_leaf,0.000,KE_sugar,0.000,KE_5rib,0.000,KE_sieve
image_19.jpg,2582,3409,RE_fil,red_algae_filamentous,224,1.000,RE_fil,0.000,KE_sugar,0.000,KE_stipe,0.000,KE_5rib,0.000,SI_kelpBry
image_19.jpg,2961,3409,RE_fil,red_algae_filamentous,224,1.000,RE_fil,0.000,KE_sugar,0.000,KE_sieve,0.000,RE_bush,0.000,SU_shell
image_19.jpg,3339,3409,SU_bould,boulder,224,,,,,,,,,,
image_19.jpg,3718,3409,SU_bould,boulder,224,0.994,SU_bould,0.002,BR_fucus,0.001,MS,0.001,SU_cob,0.001,RE_fil
image_19.jpg,312,3851,unknown,unknown_area,224,,,,,,,,,,
image_19.jpg,690,3851,KE_sieve,kelp_sieve,224,0.991,KE_sieve,0.009,KE_5rib,0.000,GR_ulva,0.000,BR_fucus,0.000,KE_sugar
image_19.jpg,1068,3851,SU_bould,boulder,224,0.905,SU_bould,0.073,SU_cob,0.019,KE_sugar,0.002,SU_silt,0.001,KE_5rib
image_19.jpg,1447,3851,SU_bould,boulder,224,0.708,SU_bould,0.250,KE_sugar,0.025,SU_silt,0.013,RE_bush,0.001,KE_5rib
image_19.jpg,1825,3851,SU_bould,boulder,224,,,,,,,,,,
image_19.jpg,2204,3851,SU_bould,boulder,224,0.662,SU_bould,0.171,RE_CCA,0.125,SI_kelpBry,0.020,KE_sugar,0.019,KE_5rib
image_19.jpg,2582,3851,RE_fil,red_algae_filamentous,224,,,,,,,,,,
image_19.jpg,2961,3851,RE_fil,red_algae_filamentous,224,1.000,RE_fil,0.000,KE_sugar,0.000,KE_stipe,0.000,KE_5rib,0.000,RE_branch
image_19.jpg,3339,3851,RE_fil,red_algae_filamentous,224,0.999,RE_fil,0.001,SU_bould,0.000,RE_branch,0.000,KE_5rib,0.000,RE_bush
image_19.jpg,3718,3851,SU_bould,boulder,224,0.983,SU_bould,0.009,KE_stipe,0.005,MS,0.001,RE_fil,0.001,SU_cob
image_19.jpg,312,4294,KE_sieve,kelp_sieve,224,1.000,KE_sieve,0.000,SU_cob,0.000,unknown,0.000,GR_ulva,0.000,SU_peb
image_19.jpg,690,4294,KE_sieve,kelp_sieve,224,1.000,KE_sieve,0.000,unknown,0.000,GR_ulva,0.000,BR_sarg,0.000,RE_leaf
image_19.jpg,1068,4294,SU_bould,boulder,224,0.607,SU_bould,0.215,GR_ulva,0.119,unknown,0.040,KE_sieve,0.005,SU_cob
image_19.jpg,1447,4294,SU_bould,boulder,224,0.995,SU_bould,0.002,KE_sugar,0.001,KE_sieve,0.000,SU_cob,0.000,MS
image_19.jpg,1825,4294,RE_branch,red_algae_branching,224,0.926,RE_branch,0.073,RE_bush,0.000,SU_bould,0.000,BR_sarg,0.000,KE_holdfas
image_19.jpg,2204,4294,SU_bould,boulder,224,0.931,SU_bould,0.021,BR_fucus,0.016,KE_stipe,0.015,MS,0.006,KE_sugar
image_19.jpg,2582,4294,SU_bould,boulder,224,0.999,SU_bould,0.001,SU_cob,0.000,RE_fil,0.000,MS,0.000,RE_branch
image_19.jpg,2961,4294,RE_fil,red_algae_filamentous,224,0.996,RE_fil,0.004,KE_sugar,0.000,KE_sieve,0.000,KE_stipe,0.000,SU_cob
image_19.jpg,3339,4294,KE_sieve,kelp_sieve,224,0.994,KE_sieve,0.005,KE_5rib,0.000,RE_leaf,0.000,MS,0.000,KE_sugar
image_19.jpg,3718,4294,KE_sieve,kelp_sieve,224,0.475,KE_sieve,0.184,SU_cob,0.180,MS,0.107,SU_bould,0.030,GR_ulva
image_20.jpg,312,312,unknown,unknown_area,224,0.927,unknown,0.072,GR_ulva,0.000,KE_5rib,0.000,RE_fil,0.000,KE_sieve
image_20.jpg,690,312,unknown,unknown_area,224,0.989,unknown,0.011,GR_ulva,0.000,KE_sugar,0.000,KE_sieve,0.000,KE_stipe
image_20.jpg,1068,312,unknown,unknown_area,224,,,,,,,,,,
image_20.jpg,1447,312,unknown,unknown_area,224,0.690,unknown,0.177,KE_sugar,0.072,KE_sieve,0.043,GR_ulva,0.013,KE_5rib
image_20.jpg,1825,312,unknown,unknown_area,224,0.929,unknown,0.046,GR_ulva,0.019,KE_sugar,0.005,MS,0.000,KE_5rib
image_20.jpg,2204,312,unknown,unknown_area,224,,,,,,,,,,
image_20.jpg,2582,312,unknown,unknown_area,224,,,,,,,,,,
image_20.jpg,2961,312,unknown,unknown_area,224,,,,,,,,,,
image_20.jpg,3339,312,unknown,unknown_area,224,,,,,,,,,,
image_20.jpg,3718,312,unknown,unknown_area,224,,,,,,,,,,
image_20.jpg,312,754,unknown,unknown_area,224,,,,,,,,,,
image_20.jpg,690,754,unknown,unknown_area,224,,,,,,,,,,
image_20.jpg,1068,754,SU_bould,boulder,224,0.635,SU_bould,0.182,KE_sieve,0.111,KE_stipe,0.041,BR_sarg,0.011,RE_CCA
image_20.jpg,1447,754,SU_bould,boulder,224,,,,,,,,,,
image_20.jpg,1825,754,unknown,unknown_area,224,,,,,,,,,,
image_20.jpg,2204,754,unknown,unknown_area,224,,,,,,,,,,
image_20.jpg,2582,754,unknown,unknown_area,224,,,,,,,,,,
image_20.jpg,2961,754,unknown,unknown_area,224,,,,,,,,,,
image_20.jpg,3339,754,KE_sieve,kelp_sieve,224,0.437,KE_sieve,0.375,KE_5rib,0.062,KE_stipe,0.048,GR_ulva,0.041,unknown
image_20.jpg,3718,754,KE_sieve,kelp_sieve,224,,,,,,,,,,
image_20.jpg,312,1196,unknown,unknown_area,224,,,,,,,,,,
image_20.jpg,690,1196,SU_bould,boulder,224,,,,,,,,,,
image_20.jpg,1068,1196,SU_bould,boulder,224,,,,,,,,,,
image_20.jpg,1447,1196,SU_bould,boulder,224,,,,,,,,,,
image_20.jpg,1825,1196,SU_bould,boulder,224,,,,,,,,,,
image_20.jpg,2204,1196,SU_bould,boulder,224,,,,,,,,,,
image_20.jpg,2582,1196,RE_CCA,red_algae_encrusting_CCA,224,1.000,RE_CCA,0.000,SU_bould,0.000,SU_cob,0.000,RE_branch,0.000,SI_kelpBry
image_20.jpg,2961,1196,SU_bould,boulder,224,,,,,,,,,,
image_20.jpg,3339,1196,KE_sieve,kelp_sieve,224,0.959,KE_sieve,0.031,GR_ulva,0.007,SU_bould,0.001,RE_leaf,0.001,KE_stipe
image_20.jpg,3718,1196,KE_sieve,kelp_sieve,224,0.969,KE_sieve,0.031,GR_ulva,0.000,KE_stipe,0.000,KE_5rib,0.000,unknown
image_20.jpg,312,1639,SU_bould,boulder,224,0.949,SU_bould,0.026,KE_bull,0.021,RE_CCA,0.002,KE_stipe,0.001,BR_fucus
image_20.jpg,690,1639,SU_bould,boulder,224,,,,,,,,,,
image_20.jpg,1068,1639,SU_bould,boulder,224,,,,,,,,,,
image_20.jpg,1447,1639,SU_bould,boulder,224,0.527,SU_bould,0.468,GR_ulva,0.005,KE_sieve,0.000,KE_stipe,0.000,RE_CCA
image_20.jpg,1825,1639,SU_bould,boulder,224,0.915,SU_bould,0.082,GR_ulva,0.003,KE_sieve,0.000,KE_stipe,0.000,RE_CCA
image_20.jpg,2204,1639,SU_bould,boulder,224,1.000,SU_bould,0.000,SU_cob,0.000,GR_ulva,0.000,SU_silt,0.000,KE_stipe
image_20.jpg,2582,1639,RE_CCA,red_algae_encrusting_CCA,224,1.000,RE_CCA,0.000,SU_bould,0.000,SU_cob,0.000,RE_leaf,0.000,SU_silt
image_20.jpg,2961,1639,SU_bould,boulder,224,1.000,SU_bould,0.000,KE_sieve,0.000,RE_CCA,0.000,KE_stipe,0.000,GR_ulva
image_20.jpg,3339,1639,SU_bould,boulder,224,1.000,SU_bould,0.000,MS,0.000,RE_CCA,0.000,KE_stipe,0.000,KE_bull
image_20.jpg,3718,1639,KE_sieve,kelp_sieve,224,1.000,KE_sieve,0.000,KE_stipe,0.000,GR_ulva,0.000,SU_bould,0.000,RE_leaf
image_20.jpg,312,2081,unknown,unknown_area,224,,,,,,,,,,
image_20.jpg,690,2081,SU_bould,boulder,224,0.909,SU_bould,0.076,SU_peb,0.007,RE_CCA,0.007,SU_cob,0.001,SU_silt
image_20.jpg,1068,2081,SU_bould,boulder,224,1.000,SU_bould,0.000,KE_sieve,0.000,RE_CCA,0.000,KE_stipe,0.000,SU_cob
image_20.jpg,1447,2081,SU_bould,boulder,224,1.000,SU_bould,0.000,GR_ulva,0.000,SU_cob,0.000,KE_sieve,0.000,SU_silt
image_20.jpg,1825,2081,SU_bould,boulder,224,0.999,SU_bould,0.001,GR_ulva,0.000,KE_bull,0.000,RE_CCA,0.000,KE_stipe
image_20.jpg,2204,2081,RE_CCA,red_algae_encrusting_CCA,224,0.981,RE_CCA,0.017,SU_bould,0.002,RE_fil,0.000,RE_branch,0.000,RE_leaf
image_20.jpg,2582,2081,SU_bould,boulder,224,0.690,SU_bould,0.251,RE_CCA,0.029,RE_branch,0.021,KE_stipe,0.003,SU_peb
image_20.jpg,2961,2081,SU_bould,boulder,224,0.726,SU_bould,0.111,MS,0.084,KE_stipe,0.060,SI,0.006,RE_leaf
image_20.jpg,3339,2081,SU_bould,boulder,224,,,,,,,,,,
image_20.jpg,3718,2081,unknown,unknown_area,224,,,,,,,,,,
image_20.jpg,312,2524,KE_sieve,kelp_sieve,224,1.000,KE_sieve,0.000,KE_holdfas,0.000,KE_sugar,0.000,SU_cob,0.000,BR_sarg
image_20.jpg,690,2524,SU_bould,boulder,224,1.000,SU_bould,0.000,SU_silt,0.000,KE_sugar,0.000,SU_cob,0.000,RE_leaf
image_20.jpg,1068,2524,SU_bould,boulder,224,,,,,,,,,,
image_20.jpg,1447,2524,SU_bould,boulder,224,,,,,,,,,,
image_20.jpg,1825,2524,SU_bould,boulder,224,0.948,SU_bould,0.027,RE_branch,0.021,RE_fil,0.001,RE_CCA,0.001,RE_bush
image_20.jpg,2204,2524,SU_bould,boulder,224,0.809,SU_bould,0.170,RE_CCA,0.009,SU_peb,0.004,SU_cob,0.004,KE_stipe
image_20.jpg,2582,2524,RE_fil,red_algae_filamentous,224,0.555,RE_fil,0.415,SU_bould,0.021,RE_CCA,0.008,MS,0.001,KE_stipe
image_20.jpg,2961,2524,RE_fil,red_algae_filamentous,224,1.000,RE_fil,0.000,SU_bould,0.000,KE_stipe,0.000,RE_branch,0.000,SU_cob
image_20.jpg,3339,2524,RE_fil,red_algae_filamentous,224,1.000,RE_fil,0.000,KE_stipe,0.000,KE_sugar,0.000,RE_leaf,0.000,SI_kelpBry
image_20.jpg,3718,2524,RE_leaf,red_algae_flat_leaf,224,0.845,RE_leaf,0.138,MS,0.010,SI,0.005,KE_sugar,0.001,KE_bull
image_20.jpg,312,2966,KE_sieve,kelp_sieve,224,,,,,,,,,,
image_20.jpg,690,2966,RE_branch,red_algae_branching,224,,,,,,,,,,
image_20.jpg,1068,2966,SU_bould,boulder,224,,,,,,,,,,
image_20.jpg,1447,2966,SU_bould,boulder,224,1.000,SU_bould,0.000,KE_sieve,0.000,GR_ulva,0.000,KE_stipe,0.000,RE_CCA
image_20.jpg,1825,2966,RE_branch,red_algae_branching,224,0.959,RE_branch,0.039,MS,0.002,RE_CCA,0.000,RE_bush,0.000,RE_fil
image_20.jpg,2204,2966,SU_bould,boulder,224,0.911,SU_bould,0.080,SU_cob,0.007,RE_CCA,0.001,RE_fil,0.000,MS
image_20.jpg,2582,2966,SU_bould,boulder,224,0.827,SU_bould,0.172,RE_CCA,0.001,SU_cob,0.000,RE_fil,0.000,KE_stipe
image_20.jpg,2961,2966,SU_bould,boulder,224,0.760,SU_bould,0.190,RE_fil,0.023,SU_cob,0.011,KE_stipe,0.008,RE_CCA
image_20.jpg,3339,2966,SU_bould,boulder,224,0.993,SU_bould,0.007,RE_CCA,0.000,KE_stipe,0.000,SU_cob,0.000,BR_sarg
image_20.jpg,3718,2966,SU_bould,boulder,224,0.973,SU_bould,0.023,SU_cob,0.002,SU_peb,0.001,KE_stipe,0.000,RE_CCA
image_20.jpg,312,3409,KE_sieve,kelp_sieve,224,0.951,KE_sieve,0.029,KE_stipe,0.011,KE_sugar,0.004,GR_ulva,0.002,KE_5rib
image_20.jpg,690,3409,SU_bould,boulder,224,0.550,SU_bould,0.421,BR_sarg,0.025,BR_fucus,0.002,SU_cob,0.001,KE_sieve
image_20.jpg,1068,3409,RE_CCA,red_algae_encrusting_CCA,224,0.563,RE_CCA,0.429,SU_bould,0.006,KE_stipe,0.002,MS,0.000,SI
image_20.jpg,1447,3409,SU_bould,boulder,224,0.925,SU_bould,0.042,SU_peb,0.016,BR_fucus,0.009,KE_stipe,0.003,BR_sarg
image_20.jpg,1825,3409,unknown,unknown_area,224,,,,,,,,,,
image_20.jpg,2204,3409,SU_bould,boulder,224,,,,,,,,,,
image_20.jpg,2582,3409,SU_bould,boulder,224,0.975,SU_bould,0.023,RE_fil,0.001,RE_CCA,0.000,BR_sarg,0.000,RE_branch
image_20.jpg,2961,3409,SU_bould,boulder,224,0.991,SU_bould,0.008,RE_branch,0.000,SU_cob,0.000,BR_sarg,0.000,MS
image_20.jpg,3339,3409,SU_bould,boulder,224,,,,,,,,,,
image_20.jpg,3718,3409,SU_bould,boulder,224,1.000,SU_bould,0.000,KE_stipe,0.000,BR_sarg,0.000,BR_fucus,0.000,GR_ulva
image_20.jpg,312,3851,KE_sieve,kelp_sieve,224,0.953,KE_sieve,0.009,KE_stipe,0.008,KE_holdfas,0.008,RE_fil,0.005,MS
image_20.jpg,690,3851,unknown,unknown_area,224,,,,,,,,,,
image_20.jpg,1068,3851,KE_sieve,kelp_sieve,224,0.999,KE_sieve,0.001,KE_5rib,0.000,RE_leaf,0.000,BR_sarg,0.000,MS
image_20.jpg,1447,3851,KE_sieve,kelp_sieve,224,0.990,KE_sieve,0.005,SU_peb,0.002,BR_fucus,0.001,SI_kelpBry,0.001,KE_stipe
image_20.jpg,1825,3851,SU_bould,boulder,224,,,,,,,,,,
image_20.jpg,2204,3851,RE_CCA,red_algae_encrusting_CCA,224,0.838,RE_CCA,0.095,RE_branch,0.045,SU_bould,0.012,RE_leaf,0.003,SI_kelpBry
image_20.jpg,2582,3851,RE_branch,red_algae_branching,224,1.000,RE_branch,0.000,BR_sarg,0.000,RE_bush,0.000,MS,0.000,KE_holdfas
image_20.jpg,2961,3851,RE_leaf,red_algae_flat_leaf,224,1.000,RE_leaf,0.000,RE_branch,0.000,KE_bull,0.000,KE_sugar,0.000,GR_ulva
image_20.jpg,3339,3851,SU_bould,boulder,224,0.923,SU_bould,0.076,RE_CCA,0.001,SU_cob,0.000,MS,0.000,KE_stipe
image_20.jpg,3718,3851,SU_bould,boulder,224,1.000,SU_bould,0.000,BR_fucus,0.000,KE_stipe,0.000,KE_sieve,0.000,SU_cob
image_20.jpg,312,4294,KE_sieve,kelp_sieve,224,0.936,KE_sieve,0.056,MS,0.004,SI_kelpBry,0.003,RE_leaf,0.001,KE_sugar
image_20.jpg,690,4294,KE_sieve,kelp_sieve,224,1.000,KE_sieve,0.000,KE_sugar,0.000,MS,0.000,KE_stipe,0.000,RE_leaf
image_20.jpg,1068,4294,KE_sieve,kelp_sieve,224,1.000,KE_sieve,0.000,KE_sugar,0.000,MS,0.000,KE_5rib,0.000,SI_kelpBry
image_20.jpg,1447,4294,KE_sieve,kelp_sieve,224,0.999,KE_sieve,0.000,BR_sarg,0.000,KE_holdfas,0.000,MS,0.000,KE_5rib
image_20.jpg,1825,4294,unknown,unknown_area,224,,,,,,,,,,
image_20.jpg,2204,4294,SU_bould,boulder,224,0.808,SU_bould,0.078,SU_peb,0.069,MS,0.014,RE_CCA,0.014,KE_stipe
image_20.jpg,2582,4294,SU_bould,boulder,224,0.999,SU_bould,0.001,RE_CCA,0.000,KE_stipe,0.000,SU_cob,0.000,MS
image_20.jpg,2961,4294,RE_CCA,red_algae_encrusting_CCA,224,0.990,RE_CCA,0.010,SU_bould,0.000,SI_kelpBry,0.000,MS,0.000,RE_branch
image_20.jpg,3339,4294,SU_bould,boulder,224,1.000,SU_bould,0.000,KE_stipe,0.000,BR_fucus,0.000,SU_peb,0.000,RE_CCA
image_20.jpg,3718,4294,SU_bould,boulder,224,0.999,SU_bould,0.000,MS,0.000,RE_bush,0.000,SU_silt,0.000,RE_CCA
image_21.jpg,312,312,SU_bould,boulder,224,,,,,,,,,,
image_21.jpg,690,312,SU_bould,boulder,224,0.967,SU_bould,0.027,SU_cob,0.004,SU_silt,0.001,RE_bush,0.000,BR_sarg
image_21.jpg,1068,312,SU_bould,boulder,224,,,,,,,,,,
image_21.jpg,1447,312,RE_branch,red_algae_branching,224,,,,,,,,,,
image_21.jpg,1825,312,SU_bould,boulder,224,,,,,,,,,,
image_21.jpg,2204,312,BR_sarg,brown_algae_sargassum,224,,,,,,,,,,
image_21.jpg,2582,312,BR_sarg,brown_algae_sargassum,224,0.628,BR_sarg,0.358,SU_bould,0.010,SU_cob,0.002,SU_sand,0.001,SU_shell
image_21.jpg,2961,312,RE_branch,red_algae_branching,224,0.921,RE_branch,0.069,BR_sarg,0.005,RE_fil,0.002,MS,0.001,RE_bush
image_21.jpg,3339,312,BR_sarg,brown_algae_sargassum,224,0.995,BR_sarg,0.002,SU_bould,0.001,MS,0.001,KE_stipe,0.000,RE_bush
image_21.jpg,3718,312,unknown,unknown_area,224,,,,,,,,,,
image_21.jpg,312,754,SU_bould,boulder,224,0.567,SU_bould,0.255,RE_bush,0.121,SU_silt,0.037,SU_cob,0.013,RE_fil
image_21.jpg,690,754,SU_bould,boulder,224,0.459,SU_bould,0.247,BR_sarg,0.140,RE_branch,0.096,RE_bush,0.027,SU_peb
image_21.jpg,1068,754,RE_branch,red_algae_branching,224,0.749,RE_branch,0.127,KE_holdfas,0.094,RE_bush,0.013,RE_leaf,0.008,RE_fil
image_21.jpg,1447,754,BR_sarg,brown_algae_sargassum,224,0.966,BR_sarg,0.034,BR_fucus,0.000,SU_bould,0.000,KE_stipe,0.000,GR_ulva
image_21.jpg,1825,754,SU_bould,boulder,224,,,,,,,,,,
image_21.jpg,2204,754,BR_sarg,brown_algae_sargassum,224,0.852,BR_sarg,0.119,SU_bould,0.017,KE_holdfas,0.007,SU_peb,0.003,SU_cob
image_21.jpg,2582,754,BR_sarg,brown_algae_sargassum,224,1.000,BR_sarg,0.000,SU_bould,0.000,KE_sugar,0.000,SU_cob,0.000,KE_holdfas
image_21.jpg,2961,754,BR_sarg,brown_algae_sargassum,224,0.813,BR_sarg,0.111,BR_fucus,0.054,KE_holdfas,0.005,KE_sugar,0.004,SU_bould
image_21.jpg,3339,754,SU_bould,boulder,224,,,,,,,,,,
image_21.jpg,3718,754,unknown,unknown_area,224,,,,,,,,,,
image_21.jpg,312,1196,SU_bould,boulder,224,,,,,,,,,,
image_21.jpg,690,1196,RE_leaf,red_algae_flat_leaf,224,0.996,RE_leaf,0.002,RE_branch,0.001,MS,0.000,KE_sugar,0.000,SU_bould
image_21.jpg,1068,1196,BR_sarg,brown_algae_sargassum,224,0.981,BR_sarg,0.015,RE_branch,0.003,BR_fucus,0.000,KE_stipe,0.000,MS
image_21.jpg,1447,1196,RE_CCA,red_algae_encrusting_CCA,224,0.998,RE_CCA,0.002,BR_sarg,0.000,SI_kelpBry,0.000,KE_stipe,0.000,SU_bould
image_21.jpg,1825,1196,BR_sarg,brown_algae_sargassum,224,0.998,BR_sarg,0.001,RE_CCA,0.000,KE_stipe,0.000,RE_branch,0.000,SU_bould
image_21.jpg,2204,1196,BR_sarg,brown_algae_sargassum,224,1.000,BR_sarg,0.000,BR_fucus,0.000,KE_holdfas,0.000,RE_branch,0.000,GR_ulva
image_21.jpg,2582,1196,BR_sarg,brown_algae_sargassum,224,1.000,BR_sarg,0.000,BR_fucus,0.000,RE_branch,0.000,SU_peb,0.000,KE_holdfas
image_21.jpg,2961,1196,SU_bould,boulder,224,0.969,SU_bould,0.023,BR_sarg,0.003,SU_cob,0.002,RE_CCA,0.002,KE_stipe
image_21.jpg,3339,1196,BR_sarg,brown_algae_sargassum,224,1.000,BR_sarg,0.000,BR_fucus,0.000,MS,0.000,RE_branch,0.000,KE_sugar
image_21.jpg,3718,1196,BR_sarg,brown_algae_sargassum,224,1.000,BR_sarg,0.000,GR_ulva,0.000,BR_fucus,0.000,KE_stipe,0.000,SU_peb
image_21.jpg,312,1639,RE_branch,red_algae_branching,224,,,,,,,,,,
image_21.jpg,690,1639,BR_sarg,brown_algae_sargassum,224,0.413,BR_sarg,0.327,KE_5rib,0.069,BR_fucus,0.059,RE_CCA,0.056,RE_branch
image_21.jpg,1068,1639,BR_sarg,brown_algae_sargassum,224,1.000,BR_sarg,0.000,SU_bould,0.000,RE_CCA,0.000,KE_stipe,0.000,BR_fucus
image_21.jpg,1447,1639,BR_sarg,brown_algae_sargassum,224,0.995,BR_sarg,0.003,SU_bould,0.002,SU_peb,0.000,BR_fucus,0.000,KE_holdfas
image_21.jpg,1825,1639,BR_sarg,brown_algae_sargassum,224,0.933,BR_sarg,0.028,MS,0.020,KE_holdfas,0.015,SU_bould,0.002,RE_CCA
image_21.jpg,2204,1639,BR_sarg,brown_algae_sargassum,224,0.999,BR_sarg,0.001,KE_holdfas,0.000,BR_fucus,0.000,KE_stipe,0.000,MS
image_21.jpg,2582,1639,SU_bould,boulder,224,0.953,SU_bould,0.037,BR_sarg,0.005,RE_CCA,0.002,SU_cob,0.002,KE_stipe
image_21.jpg,2961,1639,SU_bould,boulder,224,,,,,,,,,,
image_21.jpg,3339,1639,RE_fil,red_algae_filamentous,224,0.760,RE_fil,0.083,RE_branch,0.065,MS,0.037,SU_bould,0.020,KE_stipe
image_21.jpg,3718,1639,SU_bould,boulder,224,0.978,SU_bould,0.012,RE_fil,0.006,SU_cob,0.001,BR_sarg,0.001,RE_branch
image_21.jpg,312,2081,unknown,unknown_area,224,,,,,,,,,,
image_21.jpg,690,2081,unknown,unknown_area,224,,,,,,,,,,
image_21.jpg,1068,2081,BR_sarg,brown_algae_sargassum,224,,,,,,,,,,
image_21.jpg,1447,2081,BR_sarg,brown_algae_sargassum,224,0.842,BR_sarg,0.125,SU_bould,0.016,SU_sand,0.005,KE_stipe,0.005,SU_shell
image_21.jpg,1825,2081,BR_sarg,brown_algae_sargassum,224,1.000,BR_sarg,0.000,KE_holdfas,0.000,KE_stipe,0.000,RE_fil,0.000,RE_branch
image_21.jpg,2204,2081,RE_CCA,red_algae_encrusting_CCA,224,1.000,RE_CCA,0.000,SU_cob,0.000,SU_bould,0.000,RE_fil,0.000,BR_sarg
image_21.jpg,2582,2081,BR_sarg,brown_algae_sargassum,224,,,,,,,,,,
image_21.jpg,2961,2081,RE_branch,red_algae_branching,224,,,,,,,,,,
image_21.jpg,3339,2081,RE_branch,red_algae_branching,224,,,,,,,,,,
image_21.jpg,3718,2081,RE_branch,red_algae_branching,224,,,,,,,,,,
image_21.jpg,312,2524,unknown,unknown_area,224,,,,,,,,,,
image_21.jpg,690,2524,unknown,unknown_area,224,,,,,,,,,,
image_21.jpg,1068,2524,BR_sarg,brown_algae_sargassum,224,,,,,,,,,,
image_21.jpg,1447,2524,BR_sarg,brown_algae_sargassum,224,1.000,BR_sarg,0.000,MS,0.000,GR_ulva,0.000,SU_cob,0.000,BR_fucus
image_21.jpg,1825,2524,unknown,unknown_area,224,,,,,,,,,,
image_21.jpg,2204,2524,BR_sarg,brown_algae_sargassum,224,1.000,BR_sarg,0.000,BR_fucus,0.000,GR_ulva,0.000,KE_bull,0.000,KE_stipe
image_21.jpg,2582,2524,BR_sarg,brown_algae_sargassum,224,1.000,BR_sarg,0.000,BR_fucus,0.000,KE_bull,0.000,GR_ulva,0.000,RE_branch
image_21.jpg,2961,2524,RE_branch,red_algae_branching,224,0.937,RE_branch,0.063,BR_sarg,0.000,SU_bould,0.000,BR_fucus,0.000,RE_CCA
image_21.jpg,3339,2524,BR_sarg,brown_algae_sargassum,224,,,,,,,,,,
image_21.jpg,3718,2524,BR_sarg,brown_algae_sargassum,224,,,,,,,,,,
image_21.jpg,312,2966,BR_sarg,brown_algae_sargassum,224,,,,,,,,,,
image_21.jpg,690,2966,BR_sarg,brown_algae_sargassum,224,,,,,,,,,,
image_21.jpg,1068,2966,BR_sarg,brown_algae_sargassum,224,0.869,BR_sarg,0.107,KE_holdfas,0.018,RE_branch,0.005,KE_sugar,0.000,SI_kelpBry
image_21.jpg,1447,2966,BR_sarg,brown_algae_sargassum,224,1.000,BR_sarg,0.000,RE_branch,0.000,SU_bould,0.000,SU_cob,0.000,BR_fucus
image_21.jpg,1825,2966,SU_bould,boulder,224,,,,,,,,,,
image_21.jpg,2204,2966,BR_sarg,brown_algae_sargassum,224,1.000,BR_sarg,0.000,GR_ulva,0.000,KE_bull,0.000,SU_bould,0.000,MS
image_21.jpg,2582,2966,BR_sarg,brown_algae_sargassum,224,0.999,BR_sarg,0.001,RE_CCA,0.000,KE_stipe,0.000,KE_holdfas,0.000,BR_fucus
image_21.jpg,2961,2966,RE_branch,red_algae_branching,224,0.976,RE_branch,0.017,BR_sarg,0.002,RE_bush,0.002,RE_fil,0.001,RE_leaf
image_21.jpg,3339,2966,BR_sarg,brown_algae_sargassum,224,,,,,,,,,,
image_21.jpg,3718,2966,RE_branch,red_algae_branching,224,,,,,,,,,,
image_21.jpg,312,3409,unknown,unknown_area,224,,,,,,,,,,
image_21.jpg,690,3409,unknown,unknown_area,224,,,,,,,,,,
image_21.jpg,1068,3409,BR_sarg,brown_algae_sargassum,224,,,,,,,,,,
image_21.jpg,1447,3409,BR_sarg,brown_algae_sargassum,224,,,,,,,,,,
image_21.jpg,1825,3409,BR_sarg,brown_algae_sargassum,224,0.972,BR_sarg,0.022,SI_kelpBry,0.001,SU_sand,0.001,RE_CCA,0.001,BR_fucus
image_21.jpg,2204,3409,BR_sarg,brown_algae_sargassum,224,1.000,BR_sarg,0.000,RE_branch,0.000,BR_fucus,0.000,KE_holdfas,0.000,RE_bush
image_21.jpg,2582,3409,BR_sarg,brown_algae_sargassum,224,1.000,BR_sarg,0.000,BR_fucus,0.000,KE_holdfas,0.000,MS,0.000,RE_CCA
image_21.jpg,2961,3409,BR_sarg,brown_algae_sargassum,224,0.592,BR_sarg,0.377,MS,0.021,BR_fucus,0.003,RE_bush,0.003,SU_cob
image_21.jpg,3339,3409,SU_bould,boulder,224,,,,,,,,,,
image_21.jpg,3718,3409,SU_bould,boulder,224,,,,,,,,,,
image_21.jpg,312,3851,unknown,unknown_area,224,,,,,,,,,,
image_21.jpg,690,3851,unknown,unknown_area,224,,,,,,,,,,
image_21.jpg,1068,3851,unknown,unknown_area,224,,,,,,,,,,
image_21.jpg,1447,3851,unknown,unknown_area,224,,,,,,,,,,
image_21.jpg,1825,3851,unknown,unknown_area,224,,,,,,,,,,
image_21.jpg,2204,3851,BR_sarg,brown_algae_sargassum,224,1.000,BR_sarg,0.000,KE_holdfas,0.000,RE_branch,0.000,SU_bould,0.000,SU_cob
image_21.jpg,2582,3851,BR_sarg,brown_algae_sargassum,224,0.994,BR_sarg,0.005,SU_bould,0.000,MS,0.000,SU_cob,0.000,KE_holdfas
image_21.jpg,2961,3851,BR_sarg,brown_algae_sargassum,224,,,,,,,,,,
image_21.jpg,3339,3851,SU_bould,boulder,224,0.831,SU_bould,0.077,SU_cob,0.037,MS,0.032,KE_stipe,0.022,SU_peb
image_21.jpg,3718,3851,BR_sarg,brown_algae_sargassum,224,1.000,BR_sarg,0.000,BR_fucus,0.000,MS,0.000,RE_branch,0.000,KE_stipe
image_21.jpg,312,4294,unknown,unknown_area,224,,,,,,,,,,
image_21.jpg,690,4294,unknown,unknown_area,224,,,,,,,,,,
image_21.jpg,1068,4294,unknown,unknown_area,224,,,,,,,,,,
image_21.jpg,1447,4294,unknown,unknown_area,224,,,,,,,,,,
image_21.jpg,1825,4294,unknown,unknown_area,224,,,,,,,,,,
image_21.jpg,2204,4294,BR_sarg,brown_algae_sargassum,224,,,,,,,,,,
image_21.jpg,2582,4294,BR_sarg,brown_algae_sargassum,224,,,,,,,,,,
image_21.jpg,2961,4294,BR_sarg,brown_algae_sargassum,224,,,,,,,,,,
image_21.jpg,3339,4294,BR_sarg,brown_algae_sargassum,224,0.998,BR_sarg,0.001,SU_cob,0.001,SU_bould,0.000,KE_holdfas,0.000,SU_sand
image_21.jpg,3718,4294,unknown,unknown_area,224,,,,,,,,,,
image_22.jpg,312,312,unknown,unknown_area,224,,,,,,,,,,
image_22.jpg,690,312,unknown,unknown_area,224,,,,,,,,,,
image_22.jpg,1068,312,unknown,unknown_area,224,,,,,,,,,,
image_22.jpg,1447,312,BR_sarg,brown_algae_sargassum,224,1.000,BR_sarg,0.000,BR_fucus,0.000,RE_branch,0.000,KE_sugar,0.000,KE_holdfas
image_22.jpg,1825,312,BR_sarg,brown_algae_sargassum,224,,,,,,,,,,
image_22.jpg,2204,312,RE_leaf,red_algae_flat_leaf,224,0.664,RE_leaf,0.121,MS,0.099,SU_peb,0.061,RE_branch,0.031,SU_bould
image_22.jpg,2582,312,SU_bould,boulder,224,0.596,SU_bould,0.396,RE_CCA,0.005,RE_branch,0.002,MS,0.001,BR_sarg
image_22.jpg,2961,312,RE_branch,red_algae_branching,224,0.752,RE_branch,0.238,RE_bush,0.008,KE_holdfas,0.001,BR_sarg,0.000,BR_fucus
image_22.jpg,3339,312,RE_branch,red_algae_branching,224,,,,,,,,,,
image_22.jpg,3718,312,SU_bould,boulder,224,,,,,,,,,,
image_22.jpg,312,754,unknown,unknown_area,224,,,,,,,,,,
image_22.jpg,690,754,unknown,unknown_area,224,,,,,,,,,,
image_22.jpg,1068,754,RE_branch,red_algae_branching,224,1.000,RE_branch,0.000,RE_bush,0.000,KE_holdfas,0.000,BR_sarg,0.000,RE_CCA
image_22.jpg,1447,754,BR_sarg,brown_algae_sargassum,224,,,,,,,,,,
image_22.jpg,1825,754,KE_sugar,kelp_sugar,224,,,,,,,,,,
image_22.jpg,2204,754,RE_leaf,red_algae_flat_leaf,224,0.995,RE_leaf,0.003,RE_fil,0.001,KE_sieve,0.001,RE_branch,0.000,GR_ulva
image_22.jpg,2582,754,RE_branch,red_algae_branching,224,1.000,RE_branch,0.000,RE_leaf,0.000,BR_sarg,0.000,RE_bush,0.000,RE_fil
image_22.jpg,2961,754,RE_leaf,red_algae_flat_leaf,224,0.984,RE_leaf,0.016,RE_branch,0.000,RE_fil,0.000,BR_sarg,0.000,SI
image_22.jpg,3339,754,unknown,unknown_area,224,,,,,,,,,,
image_22.jpg,3718,754,unknown,unknown_area,224,,,,,,,,,,
image_22.jpg,312,1196,unknown,unknown_area,224,,,,,,,,,,
image_22.jpg,690,1196,RE_CCA,red_algae_encrusting_CCA,224,,,,,,,,,,
image_22.jpg,1068,1196,SU_bould,boulder,224,,,,,,,,,,
image_22.jpg,1447,1196,SU_bould,boulder,224,,,,,,,,,,
image_22.jpg,1825,1196,BR_sarg,brown_algae_sargassum,224,1.000,BR_sarg,0.000,BR_fucus,0.000,KE_holdfas,0.000,KE_sieve,0.000,GR_ulva
image_22.jpg,2204,1196,RE_CCA,red_algae_encrusting_CCA,224,0.863,RE_CCA,0.062,SU_cob,0.027,RE_fil,0.021,KE_stipe,0.011,MS
image_22.jpg,2582,1196,RE_leaf,red_algae_flat_leaf,224,0.998,RE_leaf,0.002,RE_fil,0.000,MS,0.000,RE_CCA,0.000,SU_cob
image_22.jpg,2961,1196,RE_leaf,red_algae_flat_leaf,224,0.939,RE_leaf,0.061,RE_branch,0.000,BR_sarg,0.000,SU_peb,0.000,KE_sieve
image_22.jpg,3339,1196,SU_bould,boulder,224,,,,,,,,,,
image_22.jpg,3718,1196,unknown,unknown_area,224,,,,,,,,,,
image_22.jpg,312,1639,RE_CCA,red_algae_encrusting_CCA,224,0.999,RE_CCA,0.000,KE_stipe,0.000,KE_bull,0.000,BR_fucus,0.000,SI_kelpBry
image_22.jpg,690,1639,RE_CCA,red_algae_encrusting_CCA,224,1.000,RE_CCA,0.000,SI_kelpBry,0.000,SU_shell,0.000,SU_sand,0.000,SU_silt
image_22.jpg,1068,1639,SU_bould,boulder,224,,,,,,,,,,
image_22.jpg,1447,1639,SU_bould,boulder,224,0.998,SU_bould,0.002,SU_cob,0.000,BR_sarg,0.000,RE_CCA,0.000,SU_peb
image_22.jpg,1825,1639,GR_ulva,green_algae_ulva,224,1.000,GR_ulva,0.000,BR_sarg,0.000,KE_stipe,0.000,KE_bull,0.000,SU_peb
image_22.jpg,2204,1639,GR_ulva,green_algae_ulva,224,0.985,GR_ulva,0.011,KE_stipe,0.002,KE_bull,0.001,BR_sarg,0.000,MS
image_22.jpg,2582,1639,GR_ulva,green_algae_ulva,224,1.000,GR_ulva,0.000,KE_sieve,0.000,RE_leaf,0.000,RE_CCA,0.000,BR_sarg
image_22.jpg,2961,1639,RE_leaf,red_algae_flat_leaf,224,0.997,RE_leaf,0.002,RE_branch,0.001,RE_fil,0.000,SU_peb,0.000,BR_sarg
image_22.jpg,3339,1639,SU_bould,boulder,224,,,,,,,,,,
image_22.jpg,3718,1639,unknown,unknown_area,224,,,,,,,,,,
image_22.jpg,312,2081,unknown,unknown_area,224,,,,,,,,,,
image_22.jpg,690,2081,RE_CCA,red_algae_encrusting_CCA,224,0.966,RE_CCA,0.014,SI_kelpBry,0.008,SU_cob,0.007,SI,0.002,SU_bould
image_22.jpg,1068,2081,RE_branch,red_algae_branching,224,,,,,,,,,,
image_22.jpg,1447,2081,RE_branch,red_algae_branching,224,0.859,RE_branch,0.135,MS,0.003,BR_sarg,0.001,RE_bush,0.001,KE_bull
image_22.jpg,1825,2081,SU_bould,boulder,224,,,,,,,,,,
image_22.jpg,2204,2081,SU_bould,boulder,224,0.984,SU_bould,0.012,RE_CCA,0.002,SU_cob,0.001,MS,0.000,SI
image_22.jpg,2582,2081,GR_ulva,green_algae_ulva,224,1.000,GR_ulva,0.000,BR_sarg,0.000,KE_bull,0.000,BR_fucus,0.000,RE_leaf
image_22.jpg,2961,2081,RE_branch,red_algae_branching,224,0.874,RE_branch,0.125,RE_bush,0.000,BR_sarg,0.000,MS,0.000,RE_leaf
image_22.jpg,3339,2081,RE_branch,red_algae_branching,224,0.501,RE_branch,0.463,RE_fil,0.026,RE_bush,0.008,BR_sarg,0.002,RE_leaf
image_22.jpg,3718,2081,unknown,unknown_area,224,,,,,,,,,,
image_22.jpg,312,2524,unknown,unknown_area,224,,,,,,,,,,
image_22.jpg,690,2524,RE_leaf,red_algae_flat_leaf,224,,,,,,,,,,
image_22.jpg,1068,2524,RE_leaf,red_algae_flat_leaf,224,,,,,,,,,,
image_22.jpg,1447,2524,RE_branch,red_algae_branching,224,0.836,RE_branch,0.163,BR_sarg,0.000,RE_bush,0.000,MS,0.000,RE_CCA
image_22.jpg,1825,2524,RE_branch,red_algae_branching,224,1.000,RE_branch,0.000,RE_bush,0.000,BR_sarg,0.000,MS,0.000,SI
image_22.jpg,2204,2524,RE_branch,red_algae_branching,224,0.997,RE_branch,0.003,RE_bush,0.000,KE_holdfas,0.000,BR_sarg,0.000,MS
image_22.jpg,2582,2524,RE_branch,red_algae_branching,224,,,,,,,,,,
image_22.jpg,2961,2524,RE_leaf,red_algae_flat_leaf,224,0.991,RE_leaf,0.008,RE_branch,0.000,KE_bull,0.000,RE_CCA,0.000,GR_ulva
image_22.jpg,3339,2524,RE_leaf,red_algae_flat_leaf,224,1.000,RE_leaf,0.000,MS,0.000,RE_branch,0.000,KE_bull,0.000,SU_peb
image_22.jpg,3718,2524,unknown,unknown_area,224,,,,,,,,,,
image_22.jpg,312,2966,unknown,unknown_area,224,,,,,,,,,,
image_22.jpg,690,2966,unknown,unknown_area,224,,,,,,,,,,
image_22.jpg,1068,2966,RE_branch,red_algae_branching,224,0.997,RE_branch,0.002,RE_leaf,0.001,MS,0.001,BR_sarg,0.000,BR_fucus
image_22.jpg,1447,2966,SI,sessile_invert,224,0.408,SI,0.359,RE_branch,0.110,RE_fil,0.062,MS,0.017,KE_stipe
image_22.jpg,1825,2966,RE_branch,red_algae_branching,224,,,,,,,,,,
image_22.jpg,2204,2966,RE_branch,red_algae_branching,224,0.998,RE_branch,0.002,RE_bush,0.000,RE_leaf,0.000,BR_sarg,0.000,KE_holdfas
image_22.jpg,2582,2966,RE_branch,red_algae_branching,224,0.930,RE_branch,0.069,BR_sarg,0.001,RE_bush,0.000,MS,0.000,RE_leaf
image_22.jpg,2961,2966,RE_leaf,red_algae_flat_leaf,224,,,,,,,,,,
image_22.jpg,3339,2966,RE_leaf,red_algae_flat_leaf,224,,,,,,,,,,
image_22.jpg,3718,2966,unknown,unknown_area,224,,,,,,,,,,
image_22.jpg,312,3409,unknown,unknown_area,224,,,,,,,,,,
image_22.jpg,690,3409,unknown,unknown_area,224,,,,,,,,,,
image_22.jpg,1068,3409,SU_bould,boulder,224,,,,,,,,,,
image_22.jpg,1447,3409,SU_bould,boulder,224,,,,,,,,,,
image_22.jpg,1825,3409,SU_bould,boulder,224,,,,,,,,,,
image_22.jpg,2204,3409,unknown,unknown_area,224,,,,,,,,,,
image_22.jpg,2582,3409,RE_branch,red_algae_branching,224,,,,,,,,,,
image_22.jpg,2961,3409,RE_fil,red_algae_filamentous,224,,,,,,,,,,
image_22.jpg,3339,3409,unknown,unknown_area,224,,,,,,,,,,
image_22.jpg,3718,3409,unknown,unknown_area,224,,,,,,,,,,
image_22.jpg,312,3851,unknown,unknown_area,224,,,,,,,,,,
image_22.jpg,690,3851,unknown,unknown_area,224,,,,,,,,,,
image_22.jpg,1068,3851,RE_CCA,red_algae_encrusting_CCA,224,0.979,RE_CCA,0.014,SU_bould,0.003,BR_sarg,0.002,KE_stipe,0.001,KE_holdfas
image_22.jpg,1447,3851,MS,mobile_species,224,,,,,,,,,,
image_22.jpg,1825,3851,SU_bould,boulder,224,,,,,,,,,,
image_22.jpg,2204,3851,RE_leaf,red_algae_flat_leaf,224,,,,,,,,,,
image_22.jpg,2582,3851,unknown,unknown_area,224,,,,,,,,,,
image_22.jpg,2961,3851,unknown,unknown_area,224,,,,,,,,,,
image_22.jpg,3339,3851,unknown,unknown_area,224,,,,,,,,,,
image_22.jpg,3718,3851,unknown,unknown_area,224,,,,,,,,,,
image_22.jpg,312,4294,unknown,unknown_area,224,0.997,unknown,0.003,MS,0.000,KE_stipe,0.000,GR_ulva,0.000,KE_5rib
image_22.jpg,690,4294,unknown,unknown_area,224,,,,,,,,,,
image_22.jpg,1068,4294,unknown,unknown_area,224,,,,,,,,,,
image_22.jpg,1447,4294,SU_bould,boulder,224,,,,,,,,,,
image_22.jpg,1825,4294,SU_bould,boulder,224,,,,,,,,,,
image_22.jpg,2204,4294,unknown,unknown_area,224,,,,,,,,,,
image_22.jpg,2582,4294,unknown,unknown_area,224,,,,,,,,,,
image_22.jpg,2961,4294,unknown,unknown_area,224,,,,,,,,,,
image_22.jpg,3339,4294,unknown,unknown_area,224,,,,,,,,,,
image_22.jpg,3718,4294,unknown,unknown_area,224,0.954,unknown,0.025,KE_5rib,0.013,KE_sugar,0.006,SI,0.001,GR_ulva
image_23.jpg,312,312,SU_peb,pebble,224,,,,,,,,,,
image_23.jpg,690,312,SU_peb,pebble,224,0.999,SU_peb,0.001,SU_cob,0.000,SU_bould,0.000,SU_shell,0.000,KE_stipe
image_23.jpg,1068,312,SU_peb,pebble,224,,,,,,,,,,
image_23.jpg,1447,312,SU_peb,pebble,224,,,,,,,,,,
image_23.jpg,1825,312,SU_peb,pebble,224,,,,,,,,,,
image_23.jpg,2204,312,SU_peb,pebble,224,,,,,,,,,,
image_23.jpg,2582,312,SU_peb,pebble,224,,,,,,,,,,
image_23.jpg,2961,312,SU_peb,pebble,224,,,,,,,,,,
image_23.jpg,3339,312,SU_peb,pebble,224,,,,,,,,,,
image_23.jpg,3718,312,SU_peb,pebble,224,,,,,,,,,,
image_23.jpg,312,754,SU_peb,pebble,224,,,,,,,,,,
image_23.jpg,690,754,SU_peb,pebble,224,,,,,,,,,,
image_23.jpg,1068,754,GR_ulva,green_algae_ulva,224,,,,,,,,,,
image_23.jpg,1447,754,GR_ulva,green_algae_ulva,224,,,,,,,,,,
image_23.jpg,1825,754,SU_peb,pebble,224,0.968,SU_peb,0.031,SU_sand,0.000,SU_cob,0.000,KE_stipe,0.000,RE_branch
image_23.jpg,2204,754,SU_peb,pebble,224,0.542,SU_peb,0.231,SU_cob,0.215,SU_bould,0.007,RE_branch,0.002,SU_sand
image_23.jpg,2582,754,SU_peb,pebble,224,0.868,SU_peb,0.057,SU_bould,0.040,SU_sand,0.034,SU_cob,0.000,RE_branch
image_23.jpg,2961,754,SU_peb,pebble,224,,,,,,,,,,
image_23.jpg,3339,754,SU_silt,silt,224,0.984,SU_silt,0.015,SU_cob,0.001,SU_bould,0.000,SU_shell,0.000,SU_peb
image_23.jpg,3718,754,SU_peb,pebble,224,,,,,,,,,,
image_23.jpg,312,1196,BR_fucus,brown_algae_fucus,224,,,,,,,,,,
image_23.jpg,690,1196,BR_fucus,brown_algae_fucus,224,,,,,,,,,,
image_23.jpg,1068,1196,KE_sugar,kelp_sugar,224,0.771,KE_sugar,0.113,KE_sieve,0.043,BR_sarg,0.022,SU_cob,0.013,MS
image_23.jpg,1447,1196,SU_peb,pebble,224,,,,,,,,,,
image_23.jpg,1825,1196,GR_ulva,green_algae_ulva,224,0.999,GR_ulva,0.001,KE_stipe,0.000,SU_bould,0.000,BR_sarg,0.000,KE_bull
image_23.jpg,2204,1196,SU_peb,pebble,224,,,,,,,,,,
image_23.jpg,2582,1196,SU_peb,pebble,224,,,,,,,,,,
image_23.jpg,2961,1196,SU_cob,cobble,224,,,,,,,,,,
image_23.jpg,3339,1196,SU_cob,cobble,224,0.720,SU_cob,0.245,SU_bould,0.013,SU_sand,0.010,MS,0.006,SU_peb
image_23.jpg,3718,1196,SU_cob,cobble,224,,,,,,,,,,
image_23.jpg,312,1639,SU_peb,pebble,224,,,,,,,,,,
image_23.jpg,690,1639,SU_peb,pebble,224,,,,,,,,,,
image_23.jpg,1068,1639,SU_peb,pebble,224,0.695,SU_peb,0.297,SU_sand,0.004,SU_bould,0.003,SU_cob,0.001,KE_stipe
image_23.jpg,1447,1639,KE_sugar,kelp_sugar,224,0.872,KE_sugar,0.049,BR_sarg,0.026,KE_bull,0.016,SU_peb,0.010,KE_stipe
image_23.jpg,1825,1639,KE_sugar,kelp_sugar,224,,,,,,,,,,
image_23.jpg,2204,1639,SU_peb,pebble,224,,,,,,,,,,
image_23.jpg,2582,1639,SU_peb,pebble,224,0.799,SU_peb,0.192,SU_cob,0.008,SU_bould,0.000,KE_holdfas,0.000,MS
image_23.jpg,2961,1639,SU_cob,cobble,224,0.525,SU_cob,0.435,SU_bould,0.025,SU_silt,0.006,SU_peb,0.004,KE_stipe
image_23.jpg,3339,1639,SU_peb,pebble,224,,,,,,,,,,
image_23.jpg,3718,1639,SU_peb,pebble,224,,,,,,,,,,
image_23.jpg,312,2081,SU_peb,pebble,224,,,,,,,,,,
image_23.jpg,690,2081,RE_leaf,red_algae_flat_leaf,224,,,,,,,,,,
image_23.jpg,1068,2081,SU_peb,pebble,224,,,,,,,,,,
image_23.jpg,1447,2081,RE_leaf,red_algae_flat_leaf,224,1.000,RE_leaf,0.000,SI,0.000,MS,0.000,KE_holdfas,0.000,SI_kelpBry
image_23.jpg,1825,2081,SU_peb,pebble,224,0.506,SU_peb,0.215,BR_sarg,0.066,SU_cob,0.060,KE_stipe,0.051,SU_bould
image_23.jpg,2204,2081,KE_sugar,kelp_sugar,224,,,,,,,,,,
image_23.jpg,2582,2081,SU_peb,pebble,224,0.998,SU_peb,0.002,SU_bould,0.000,KE_stipe,0.000,SU_sand,0.000,SU_cob
image_23.jpg,2961,2081,SU_shell,shell_hash,224,,,,,,,,,,
image_23.jpg,3339,2081,SU_peb,pebble,224,0.743,SU_peb,0.215,SU_bould,0.037,SU_cob,0.005,KE_stipe,0.000,SU_sand
image_23.jpg,3718,2081,SU_peb,pebble,224,0.889,SU_peb,0.110,SU_cob,0.001,SU_bould,0.000,RE_branch,0.000,KE_stipe
image_23.jpg,312,2524,SU_peb,pebble,224,,,,,,,,,,
image_23.jpg,690,2524,SU_peb,pebble,224,,,,,,,,,,
image_23.jpg,1068,2524,SU_peb,pebble,224,0.952,SU_peb,0.019,SU_bould,0.018,SI,0.008,SU_sand,0.003,KE_stipe
image_23.jpg,1447,2524,SU_peb,pebble,224,,,,,,,,,,
image_23.jpg,1825,2524,SU_peb,pebble,224,0.818,SU_peb,0.088,SU_cob,0.066,RE_CCA,0.025,SU_bould,0.002,KE_stipe
image_23.jpg,2204,2524,SU_peb,pebble,224,0.434,SU_peb,0.386,SU_bould,0.122,SU_cob,0.025,RE_fil,0.012,RE_bush
image_23.jpg,2582,2524,SU_peb,pebble,224,,,,,,,,,,
image_23.jpg,2961,2524,SU_peb,pebble,224,,,,,,,,,,
image_23.jpg,3339,2524,SU_peb,pebble,224,0.728,SU_peb,0.168,SU_bould,0.087,SU_cob,0.008,SU_silt,0.007,SU_sand
image_23.jpg,3718,2524,SU_peb,pebble,224,,,,,,,,,,
image_23.jpg,312,2966,SU_peb,pebble,224,,,,,,,,,,
image_23.jpg,690,2966,SU_peb,pebble,224,,,,,,,,,,
image_23.jpg,1068,2966,SU_peb,pebble,224,0.982,SU_peb,0.012,SU_bould,0.004,SU_cob,0.001,SU_sand,0.000,SU_silt
image_23.jpg,1447,2966,SU_cob,cobble,224,,,,,,,,,,
image_23.jpg,1825,2966,SU_peb,pebble,224,0.943,SU_peb,0.031,SU_bould,0.025,SU_cob,0.000,RE_CCA,0.000,SU_sand
image_23.jpg,2204,2966,SU_peb,pebble,224,1.000,SU_peb,0.000,SU_cob,0.000,SU_bould,0.000,KE_stipe,0.000,SU_silt
image_23.jpg,2582,2966,SU_peb,pebble,224,0.997,SU_peb,0.002,SU_cob,0.001,SU_bould,0.000,KE_stipe,0.000,SU_sand
image_23.jpg,2961,2966,SU_peb,pebble,224,,,,,,,,,,
image_23.jpg,3339,2966,SU_peb,pebble,224,0.977,SU_peb,0.021,SU_bould,0.002,SU_cob,0.000,RE_branch,0.000,SU_sand
image_23.jpg,3718,2966,SU_cob,cobble,224,0.971,SU_cob,0.019,SU_bould,0.009,SU_peb,0.000,SU_silt,0.000,SU_sand
image_23.jpg,312,3409,RE_leaf,red_algae_flat_leaf,224,,,,,,,,,,
image_23.jpg,690,3409,SU_cob,cobble,224,,,,,,,,,,
image_23.jpg,1068,3409,SU_peb,pebble,224,,,,,,,,,,
image_23.jpg,1447,3409,SU_peb,pebble,224,0.708,SU_peb,0.201,SU_bould,0.088,SU_cob,0.002,SU_sand,0.001,KE_stipe
image_23.jpg,1825,3409,SU_peb,pebble,224,1.000,SU_peb,0.000,SU_sand,0.000,KE_stipe,0.000,SU_cob,0.000,SU_bould
image_23.jpg,2204,3409,SU_peb,pebble,224,1.000,SU_peb,0.000,SU_bould,0.000,SU_sand,0.000,SU_cob,0.000,RE_branch
image_23.jpg,2582,3409,SU_peb,pebble,224,1.000,SU_peb,0.000,KE_stipe,0.000,SU_bould,0.000,SU_cob,0.000,RE_branch
image_23.jpg,2961,3409,SU_peb,pebble,224,0.723,SU_peb,0.126,SU_cob,0.076,BR_sarg,0.041,SU_bould,0.013,KE_holdfas
image_23.jpg,3339,3409,SU_peb,pebble,224,,,,,,,,,,
image_23.jpg,3718,3409,SU_peb,pebble,224,,,,,,,,,,
image_23.jpg,312,3851,SU_peb,pebble,224,,,,,,,,,,
image_23.jpg,690,3851,SU_peb,pebble,224,,,,,,,,,,
image_23.jpg,1068,3851,KE_sugar,kelp_sugar,224,,,,,,,,,,
image_23.jpg,1447,3851,SU_peb,pebble,224,0.997,SU_peb,0.003,SU_cob,0.000,SU_sand,0.000,SU_bould,0.000,RE_branch
image_23.jpg,1825,3851,SU_peb,pebble,224,0.845,SU_peb,0.149,SU_cob,0.006,SU_bould,0.000,SU_sand,0.000,KE_stipe
image_23.jpg,2204,3851,SU_peb,pebble,224,,,,,,,,,,
image_23.jpg,2582,3851,SU_cob,cobble,224,0.943,SU_cob,0.033,SU_peb,0.015,SU_bould,0.006,SU_silt,0.001,RE_fil
image_23.jpg,2961,3851,SU_peb,pebble,224,0.677,SU_peb,0.255,SU_cob,0.067,SU_bould,0.001,RE_branch,0.000,KE_stipe
image_23.jpg,3339,3851,SU_peb,pebble,224,,,,,,,,,,
image_23.jpg,3718,3851,SU_peb,pebble,224,,,,,,,,,,
image_23.jpg,312,4294,unknown,unknown_area,224,,,,,,,,,,
image_23.jpg,690,4294,unknown,unknown_area,224,,,,,,,,,,
image_23.jpg,1068,4294,unknown,unknown_area,224,,,,,,,,,,
image_23.jpg,1447,4294,SU_cob,cobble,224,,,,,,,,,,
image_23.jpg,1825,4294,SU_silt,silt,224,,,,,,,,,,
image_23.jpg,2204,4294,BR_fucus,brown_algae_fucus,224,,,,,,,,,,
image_23.jpg,2582,4294,BR_fucus,brown_algae_fucus,224,,,,,,,,,,
image_23.jpg,2961,4294,SU_peb,pebble,224,,,,,,,,,,
image_23.jpg,3339,4294,unknown,unknown_area,224,,,,,,,,,,
image_23.jpg,3718,4294,GR_ulva,green_algae_ulva,224,,,,,,,,,,
image_24.jpg,312,312,SU_peb,pebble,224,,,,,,,,,,
image_24.jpg,690,312,SU_sand,sand_fine_shell,224,0.899,SU_sand,0.101,SU_silt,0.000,SU_shell,0.000,RE_branch,0.000,SU_peb
image_24.jpg,1068,312,SU_silt,silt,224,0.999,SU_silt,0.000,SU_shell,0.000,SU_sand,0.000,RE_branch,0.000,MS
image_24.jpg,1447,312,SU_silt,silt,224,1.000,SU_silt,0.000,SU_shell,0.000,RE_bush,0.000,SU_sand,0.000,KE_sugar
image_24.jpg,1825,312,SU_silt,silt,224,0.553,SU_silt,0.447,SU_sand,0.000,SU_shell,0.000,RE_bush,0.000,SI_kelpBry
image_24.jpg,2204,312,SU_silt,silt,224,1.000,SU_silt,0.000,SU_bould,0.000,SU_shell,0.000,SU_peb,0.000,KE_bull
image_24.jpg,2582,312,SU_silt,silt,224,1.000,SU_silt,0.000,SU_sand,0.000,SU_shell,0.000,RE_bush,0.000,MS
image_24.jpg,2961,312,SU_silt,silt,224,0.967,SU_silt,0.027,SU_shell,0.005,SU_sand,0.001,SU_peb,0.000,SU_cob
image_24.jpg,3339,312,SU_silt,silt,224,1.000,SU_silt,0.000,SU_shell,0.000,SU_sand,0.000,SU_bould,0.000,MS
image_24.jpg,3718,312,SU_silt,silt,224,1.000,SU_silt,0.000,SU_shell,0.000,MS,0.000,SU_sand,0.000,RE_bush
image_24.jpg,312,754,SU_sand,sand_fine_shell,224,1.000,SU_sand,0.000,SU_silt,0.000,SU_peb,0.000,SU_cob,0.000,MS
image_24.jpg,690,754,SU_sand,sand_fine_shell,224,1.000,SU_sand,0.000,SU_silt,0.000,SU_cob,0.000,SU_peb,0.000,RE_branch
image_24.jpg,1068,754,SU_silt,silt,224,0.986,SU_silt,0.013,SU_sand,0.001,SU_shell,0.000,SU_peb,0.000,RE_branch
image_24.jpg,1447,754,SU_silt,silt,224,1.000,SU_silt,0.000,SU_shell,0.000,SU_sand,0.000,RE_CCA,0.000,RE_bush
image_24.jpg,1825,754,SU_sand,sand_fine_shell,224,0.973,SU_sand,0.027,SU_silt,0.000,SU_shell,0.000,RE_CCA,0.000,SU_cob
image_24.jpg,2204,754,SU_silt,silt,224,1.000,SU_silt,0.000,SU_sand,0.000,SU_shell,0.000,SI_kelpBry,0.000,RE_CCA
image_24.jpg,2582,754,SU_silt,silt,224,1.000,SU_silt,0.000,SU_shell,0.000,SU_sand,0.000,MS,0.000,RE_bush
image_24.jpg,2961,754,SU_peb,pebble,224,0.949,SU_peb,0.051,SU_sand,0.000,SU_shell,0.000,SU_bould,0.000,SU_cob
image_24.jpg,3339,754,SU_silt,silt,224,1.000,SU_silt,0.000,SU_shell,0.000,MS,0.000,SU_bould,0.000,SU_peb
image_24.jpg,3718,754,SU_silt,silt,224,1.000,SU_silt,0.000,SU_shell,0.000,MS,0.000,SU_bould,0.000,RE_bush
image_24.jpg,312,1196,SU_sand,sand_fine_shell,224,0.997,SU_sand,0.003,SU_silt,0.000,SU_shell,0.000,SU_peb,0.000,MS
image_24.jpg,690,1196,SU_silt,silt,224,0.997,SU_silt,0.003,SU_shell,0.000,SU_sand,0.000,SU_cob,0.000,KE_sugar
image_24.jpg,1068,1196,SU_sand,sand_fine_shell,224,0.739,SU_sand,0.260,SU_silt,0.002,SU_shell,0.000,RE_CCA,0.000,SU_bould
image_24.jpg,1447,1196,SU_sand,sand_fine_shell,224,0.852,SU_sand,0.143,SU_silt,0.005,SU_shell,0.000,RE_CCA,0.000,SI_kelpBry
image_24.jpg,1825,1196,SU_sand,sand_fine_shell,224,0.874,SU_sand,0.122,SU_silt,0.002,SU_shell,0.001,SU_peb,0.000,SU_cob
image_24.jpg,2204,1196,SU_sand,sand_fine_shell,224,0.667,SU_sand,0.332,SU_silt,0.001,SU_shell,0.000,SU_bould,0.000,SU_cob
image_24.jpg,2582,1196,SU_silt,silt,224,1.000,SU_silt,0.000,SU_shell,0.000,SU_sand,0.000,RE_bush,0.000,MS
image_24.jpg,2961,1196,SU_sand,sand_fine_shell,224,0.938,SU_sand,0.050,SU_silt,0.006,SU_shell,0.004,SU_bould,0.001,SU_peb
image_24.jpg,3339,1196,SU_silt,silt,224,1.000,SU_silt,0.000,SU_shell,0.000,SU_sand,0.000,MS,0.000,RE_branch
image_24.jpg,3718,1196,SU_silt,silt,224,1.000,SU_silt,0.000,MS,0.000,SU_cob,0.000,SU_bould,0.000,SU_shell
image_24.jpg,312,1639,SU_silt,silt,224,1.000,SU_silt,0.000,SU_shell,0.000,SU_sand,0.000,RE_branch,0.000,SU_peb
image_24.jpg,690,1639,SU_sand,sand_fine_shell,224,1.000,SU_sand,0.000,SU_peb,0.000,SU_silt,0.000,RE_branch,0.000,SU_cob
image_24.jpg,1068,1639,SU_sand,sand_fine_shell,224,0.937,SU_sand,0.062,SU_peb,0.000,SU_cob,0.000,SU_silt,0.000,SU_bould
image_24.jpg,1447,1639,SU_silt,silt,224,0.634,SU_silt,0.341,SU_sand,0.025,SU_shell,0.000,KE_stipe,0.000,MS
image_24.jpg,1825,1639,SU_silt,silt,224,0.997,SU_silt,0.003,SU_shell,0.000,SU_sand,0.000,KE_sugar,0.000,SU_cob
image_24.jpg,2204,1639,SU_silt,silt,224,0.995,SU_silt,0.004,SU_sand,0.001,SU_shell,0.000,SU_bould,0.000,SU_cob
image_24.jpg,2582,1639,SU_sand,sand_fine_shell,224,0.990,SU_sand,0.009,SU_silt,0.000,SU_shell,0.000,MS,0.000,SI
image_24.jpg,2961,1639,SU_silt,silt,224,0.999,SU_silt,0.001,SU_sand,0.000,SU_shell,0.000,SU_peb,0.000,RE_branch
image_24.jpg,3339,1639,SU_silt,silt,224,1.000,SU_silt,0.000,SU_shell,0.000,MS,0.000,KE_sugar,0.000,SU_sand
image_24.jpg,3718,1639,SU_silt,silt,224,1.000,SU_silt,0.000,SU_peb,0.000,SU_shell,0.000,KE_sugar,0.000,GR_ulva
image_24.jpg,312,2081,SU_silt,silt,224,0.988,SU_silt,0.012,SU_sand,0.000,SU_shell,0.000,MS,0.000,RE_bush
image_24.jpg,690,2081,SU_sand,sand_fine_shell,224,0.999,SU_sand,0.001,SU_silt,0.000,SU_peb,0.000,SU_shell,0.000,SU_bould
image_24.jpg,1068,2081,SU_silt,silt,224,0.998,SU_silt,0.002,SU_sand,0.000,SU_shell,0.000,KE_sugar,0.000,RE_branch
image_24.jpg,1447,2081,SU_silt,silt,224,0.998,SU_silt,0.002,SU_shell,0.000,SU_sand,0.000,KE_sugar,0.000,unknown
image_24.jpg,1825,2081,SU_peb,pebble,224,,,,,,,,,,
image_24.jpg,2204,2081,SU_silt,silt,224,0.998,SU_silt,0.002,SU_shell,0.000,SU_sand,0.000,KE_sugar,0.000,SU_cob
image_24.jpg,2582,2081,SU_silt,silt,224,0.588,SU_silt,0.404,SU_sand,0.008,SU_shell,0.000,SU_peb,0.000,MS
image_24.jpg,2961,2081,SU_sand,sand_fine_shell,224,0.990,SU_sand,0.004,SU_shell,0.003,SU_peb,0.003,SU_silt,0.000,SU_bould
image_24.jpg,3339,2081,SU_silt,silt,224,1.000,SU_silt,0.000,SU_shell,0.000,SU_sand,0.000,SU_peb,0.000,KE_sugar
image_24.jpg,3718,2081,SU_silt,silt,224,1.000,SU_silt,0.000,SU_shell,0.000,SU_sand,0.000,RE_branch,0.000,RE_bush
image_24.jpg,312,2524,SU_silt,silt,224,0.994,SU_silt,0.005,SU_sand,0.001,SU_shell,0.000,unknown,0.000,RE_CCA
image_24.jpg,690,2524,SU_silt,silt,224,1.000,SU_silt,0.000,SU_sand,0.000,SU_shell,0.000,unknown,0.000,RE_branch
image_24.jpg,1068,2524,SU_silt,silt,224,1.000,SU_silt,0.000,SU_shell,0.000,SU_sand,0.000,RE_branch,0.000,KE_sugar
image_24.jpg,1447,2524,SU_silt,silt,224,1.000,SU_silt,0.000,SU_shell,0.000,SU_sand,0.000,KE_stipe,0.000,SI_kelpBry
image_24.jpg,1825,2524,SU_peb,pebble,224,0.608,SU_peb,0.375,SU_shell,0.009,SU_silt,0.002,SI,0.002,KE_stipe
image_24.jpg,2204,2524,SU_silt,silt,224,0.836,SU_silt,0.133,SU_sand,0.024,SU_shell,0.006,KE_stipe,0.000,SU_peb
image_24.jpg,2582,2524,SU_silt,silt,224,0.628,SU_silt,0.184,SU_shell,0.143,SU_sand,0.044,SU_peb,0.001,SU_bould
image_24.jpg,2961,2524,SU_silt,silt,224,1.000,SU_silt,0.000,SU_sand,0.000,SU_shell,0.000,SU_peb,0.000,RE_branch
image_24.jpg,3339,2524,SU_sand,sand_fine_shell,224,0.698,SU_sand,0.302,SU_silt,0.000,SU_bould,0.000,SU_cob,0.000,SU_peb
image_24.jpg,3718,2524,SU_silt,silt,224,1.000,SU_silt,0.000,SU_shell,0.000,SU_sand,0.000,unknown,0.000,KE_sugar
image_24.jpg,312,2966,SU_sand,sand_fine_shell,224,0.989,SU_sand,0.011,SU_silt,0.000,SU_peb,0.000,SU_shell,0.000,RE_branch
image_24.jpg,690,2966,SU_silt,silt,224,1.000,SU_silt,0.000,SU_sand,0.000,SU_shell,0.000,RE_CCA,0.000,SU_cob
image_24.jpg,1068,2966,SU_sand,sand_fine_shell,224,1.000,SU_sand,0.000,SU_silt,0.000,SU_peb,0.000,SU_shell,0.000,SU_bould
image_24.jpg,1447,2966,SU_peb,pebble,224,0.548,SU_peb,0.440,SU_silt,0.005,SU_sand,0.005,SI_kelpBry,0.001,MS
image_24.jpg,1825,2966,SU_sand,sand_fine_shell,224,0.994,SU_sand,0.006,SU_silt,0.000,SU_peb,0.000,SU_shell,0.000,RE_branch
image_24.jpg,2204,2966,SU_peb,pebble,224,,,,,,,,,,
image_24.jpg,2582,2966,SU_silt,silt,224,0.904,SU_silt,0.095,SU_shell,0.000,SU_sand,0.000,KE_sugar,0.000,KE_bull
image_24.jpg,2961,2966,SU_sand,sand_fine_shell,224,0.522,SU_sand,0.463,SU_silt,0.015,SU_shell,0.000,SU_bould,0.000,SU_cob
image_24.jpg,3339,2966,SU_silt,silt,224,0.999,SU_silt,0.001,SU_sand,0.000,SU_shell,0.000,RE_CCA,0.000,RE_branch
image_24.jpg,3718,2966,SU_silt,silt,224,0.995,SU_silt,0.005,SU_shell,0.000,MS,0.000,SU_sand,0.000,SU_bould
image_24.jpg,312,3409,SU_silt,silt,224,1.000,SU_silt,0.000,SU_shell,0.000,SU_sand,0.000,SU_peb,0.000,unknown
image_24.jpg,690,3409,SU_silt,silt,224,0.996,SU_silt,0.004,SU_sand,0.000,SU_shell,0.000,SU_cob,0.000,RE_branch
image_24.jpg,1068,3409,SU_silt,silt,224,0.938,SU_silt,0.050,SU_shell,0.011,SU_sand,0.000,SU_peb,0.000,MS
image_24.jpg,1447,3409,SU_silt,silt,224,0.999,SU_silt,0.001,SU_shell,0.000,SU_sand,0.000,RE_CCA,0.000,unknown
image_24.jpg,1825,3409,SU_silt,silt,224,0.989,SU_silt,0.011,SU_shell,0.000,SU_sand,0.000,MS,0.000,RE_CCA
image_24.jpg,2204,3409,SU_silt,silt,224,0.996,SU_silt,0.003,SU_shell,0.001,SU_sand,0.000,RE_CCA,0.000,MS
image_24.jpg,2582,3409,SU_silt,silt,224,1.000,SU_silt,0.000,SU_shell,0.000,SU_sand,0.000,RE_CCA,0.000,KE_sugar
image_24.jpg,2961,3409,SU_silt,silt,224,0.961,SU_silt,0.039,SU_shell,0.000,SU_sand,0.000,MS,0.000,SU_cob
image_24.jpg,3339,3409,SU_silt,silt,224,1.000,SU_silt,0.000,SU_shell,0.000,SU_sand,0.000,MS,0.000,SU_peb
image_24.jpg,3718,3409,SU_silt,silt,224,0.957,SU_silt,0.026,SU_shell,0.016,SU_peb,0.001,MS,0.000,SU_bould
image_24.jpg,312,3851,SU_silt,silt,224,1.000,SU_silt,0.000,SU_sand,0.000,SU_shell,0.000,SU_bould,0.000,unknown
image_24.jpg,690,3851,SU_peb,pebble,224,,,,,,,,,,
image_24.jpg,1068,3851,SU_sand,sand_fine_shell,224,0.941,SU_sand,0.058,SU_silt,0.000,SU_shell,0.000,SU_peb,0.000,RE_branch
image_24.jpg,1447,3851,SU_sand,sand_fine_shell,224,0.976,SU_sand,0.024,SU_silt,0.000,SU_shell,0.000,RE_CCA,0.000,MS
image_24.jpg,1825,3851,SU_sand,sand_fine_shell,224,0.999,SU_sand,0.000,SU_silt,0.000,SU_peb,0.000,SU_shell,0.000,SU_bould
image_24.jpg,2204,3851,SU_sand,sand_fine_shell,224,1.000,SU_sand,0.000,SU_silt,0.000,SU_shell,0.000,RE_CCA,0.000,SU_peb
image_24.jpg,2582,3851,SU_peb,pebble,224,0.997,SU_peb,0.002,SU_sand,0.000,GR_ulva,0.000,MS,0.000,SU_silt
image_24.jpg,2961,3851,SU_silt,silt,224,0.997,SU_silt,0.003,SU_sand,0.000,SU_shell,0.000,RE_branch,0.000,SU_peb
image_24.jpg,3339,3851,SU_silt,silt,224,1.000,SU_silt,0.000,SU_shell,0.000,MS,0.000,SU_sand,0.000,SU_bould
image_24.jpg,3718,3851,SU_silt,silt,224,0.998,SU_silt,0.002,SU_shell,0.000,SU_sand,0.000,MS,0.000,RE_CCA
image_24.jpg,312,4294,SU_sand,sand_fine_shell,224,,,,,,,,,,
image_24.jpg,690,4294,SU_peb,pebble,224,0.816,SU_peb,0.184,SU_sand,0.000,SU_silt,0.000,SI_kelpBry,0.000,SU_cob
image_24.jpg,1068,4294,SU_sand,sand_fine_shell,224,1.000,SU_sand,0.000,SU_silt,0.000,SI_kelpBry,0.000,SU_shell,0.000,RE_CCA
image_24.jpg,1447,4294,SU_sand,sand_fine_shell,224,1.000,SU_sand,0.000,SU_silt,0.000,SI_kelpBry,0.000,RE_CCA,0.000,SU_shell
image_24.jpg,1825,4294,SU_peb,pebble,224,0.909,SU_peb,0.077,SU_shell,0.007,SU_cob,0.005,SU_sand,0.001,SU_silt
image_24.jpg,2204,4294,SU_sand,sand_fine_shell,224,0.975,SU_sand,0.025,SU_silt,0.000,SU_shell,0.000,SI_kelpBry,0.000,RE_CCA
image_24.jpg,2582,4294,SU_sand,sand_fine_shell,224,,,,,,,,,,
image_24.jpg,2961,4294,SU_silt,silt,224,1.000,SU_silt,0.000,SU_sand,0.000,SU_shell,0.000,RE_bush,0.000,RE_CCA
image_24.jpg,3339,4294,SU_silt,silt,224,0.999,SU_silt,0.001,SU_shell,0.000,SU_sand,0.000,MS,0.000,RE_branch
image_24.jpg,3718,4294,SU_silt,silt,224,0.991,SU_silt,0.006,SU_shell,0.004,SU_sand,0.000,SU_bould,0.000,RE_branch
image_25.jpg,312,312,unknown,unknown_area,224,,,,,,,,,,
image_25.jpg,690,312,SU_peb,pebble,224,1.000,SU_peb,0.000,SU_shell,0.000,SU_sand,0.000,SU_silt,0.000,GR_ulva
image_25.jpg,1068,312,SU_peb,pebble,224,1.000,SU_peb,0.000,SU_sand,0.000,SU_shell,0.000,GR_ulva,0.000,SU_bould
image_25.jpg,1447,312,SU_silt,silt,224,0.999,SU_silt,0.001,SU_cob,0.000,KE_sugar,0.000,GR_ulva,0.000,SU_peb
image_25.jpg,1825,312,SU_cob,cobble,224,0.959,SU_cob,0.040,SU_peb,0.000,SU_silt,0.000,GR_ulva,0.000,SU_shell
image_25.jpg,2204,312,SU_silt,silt,224,0.941,SU_silt,0.056,SU_sand,0.002,SU_shell,0.000,SU_cob,0.000,RE_CCA
image_25.jpg,2582,312,SU_sand,sand_fine_shell,224,0.955,SU_sand,0.045,SU_silt,0.000,SU_shell,0.000,RE_CCA,0.000,RE_leaf
image_25.jpg,2961,312,SU_sand,sand_fine_shell,224,1.000,SU_sand,0.000,SU_silt,0.000,SU_cob,0.000,MS,0.000,SI_kelpBry
image_25.jpg,3339,312,SU_silt,silt,224,0.997,SU_silt,0.002,SU_shell,0.001,SU_sand,0.000,RE_CCA,0.000,SU_peb
image_25.jpg,3718,312,SU_sand,sand_fine_shell,224,0.987,SU_sand,0.013,SU_silt,0.000,MS,0.000,SU_cob,0.000,SU_shell
image_25.jpg,312,754,SU_silt,silt,224,0.753,SU_silt,0.237,SU_sand,0.011,SU_shell,0.000,MS,0.000,RE_CCA
image_25.jpg,690,754,SU_sand,sand_fine_shell,224,0.986,SU_sand,0.010,SU_silt,0.004,SU_shell,0.000,SU_cob,0.000,SU_peb
image_25.jpg,1068,754,SU_sand,sand_fine_shell,224,1.000,SU_sand,0.000,SU_silt,0.000,SI_kelpBry,0.000,SU_peb,0.000,SU_shell
image_25.jpg,1447,754,SU_sand,sand_fine_shell,224,1.000,SU_sand,0.000,SU_silt,0.000,SU_shell,0.000,SU_peb,0.000,MS
image_25.jpg,1825,754,SU_sand,sand_fine_shell,224,0.994,SU_sand,0.005,SU_silt,0.000,SU_shell,0.000,RE_CCA,0.000,SI_kelpBry
image_25.jpg,2204,754,SU_sand,sand_fine_shell,224,1.000,SU_sand,0.000,SU_silt,0.000,SU_shell,0.000,SI_kelpBry,0.000,MS
image_25.jpg,2582,754,SU_sand,sand_fine_shell,224,1.000,SU_sand,0.000,SU_silt,0.000,SU_cob,0.000,SU_peb,0.000,SU_shell
image_25.jpg,2961,754,SU_sand,sand_fine_shell,224,1.000,SU_sand,0.000,SU_peb,0.000,SU_silt,0.000,SU_cob,0.000,SU_shell
image_25.jpg,3339,754,SU_silt,silt,224,0.558,SU_silt,0.392,SU_sand,0.050,SU_shell,0.000,SU_cob,0.000,RE_CCA
image_25.jpg,3718,754,SU_peb,pebble,224,0.982,SU_peb,0.016,SU_sand,0.001,SU_silt,0.000,SU_shell,0.000,SU_cob
image_25.jpg,312,1196,SU_sand,sand_fine_shell,224,1.000,SU_sand,0.000,SU_silt,0.000,SU_shell,0.000,SU_cob,0.000,MS
image_25.jpg,690,1196,SU_sand,sand_fine_shell,224,1.000,SU_sand,0.000,SU_silt,0.000,SU_cob,0.000,SU_shell,0.000,SU_peb
image_25.jpg,1068,1196,SU_sand,sand_fine_shell,224,1.000,SU_sand,0.000,SU_silt,0.000,SU_shell,0.000,SU_peb,0.000,SI_kelpBry
image_25.jpg,1447,1196,SU_silt,silt,224,0.840,SU_silt,0.159,SU_shell,0.001,SU_sand,0.000,SU_cob,0.000,KE_sugar
image_25.jpg,1825,1196,SU_peb,pebble,224,,,,,,,,,,
image_25.jpg,2204,1196,SU_sand,sand_fine_shell,224,0.988,SU_sand,0.011,SU_silt,0.000,SU_shell,0.000,SU_peb,0.000,SI_kelpBry
image_25.jpg,2582,1196,SU_sand,sand_fine_shell,224,1.000,SU_sand,0.000,SU_silt,0.000,SU_shell,0.000,SU_cob,0.000,SU_bould
image_25.jpg,2961,1196,SU_sand,sand_fine_shell,224,1.000,SU_sand,0.000,SU_silt,0.000,SU_shell,0.000,SU_cob,0.000,RE_CCA
image_25.jpg,3339,1196,SU_sand,sand_fine_shell,224,0.934,SU_sand,0.064,SU_silt,0.001,SU_shell,0.000,RE_CCA,0.000,SU_cob
image_25.jpg,3718,1196,SU_sand,sand_fine_shell,224,0.997,SU_sand,0.003,SU_silt,0.000,SU_shell,0.000,RE_CCA,0.000,SU_cob
image_25.jpg,312,1639,GR_ulva,green_algae_ulva,224,,,,,,,,,,
image_25.jpg,690,1639,GR_ulva,green_algae_ulva,224,,,,,,,,,,
image_25.jpg,1068,1639,RE_branch,red_algae_branching,224,0.997,RE_branch,0.002,RE_bush,0.001,MS,0.000,BR_sarg,0.000,RE_leaf
image_25.jpg,1447,1639,SU_sand,sand_fine_shell,224,,,,,,,,,,
image_25.jpg,1825,1639,GR_ulva,green_algae_ulva,224,,,,,,,,,,
image_25.jpg,2204,1639,SU_silt,silt,224,0.932,SU_silt,0.022,SI_kelpBry,0.018,SU_sand,0.014,MS,0.005,SU_shell
image_25.jpg,2582,1639,RE_CCA,red_algae_encrusting_CCA,224,,,,,,,,,,
image_25.jpg,2961,1639,RE_branch,red_algae_branching,224,,,,,,,,,,
image_25.jpg,3339,1639,RE_branch,red_algae_branching,224,,,,,,,,,,
image_25.jpg,3718,1639,SU_sand,sand_fine_shell,224,1.000,SU_sand,0.000,SU_silt,0.000,SU_cob,0.000,SU_peb,0.000,SU_shell
image_25.jpg,312,2081,RE_branch,red_algae_branching,224,0.704,RE_branch,0.215,MS,0.054,RE_bush,0.016,SU_silt,0.008,RE_leaf
image_25.jpg,690,2081,RE_leaf,red_algae_flat_leaf,224,,,,,,,,,,
image_25.jpg,1068,2081,RE_branch,red_algae_branching,224,,,,,,,,,,
image_25.jpg,1447,2081,RE_branch,red_algae_branching,224,0.853,RE_branch,0.136,MS,0.003,RE_leaf,0.002,SU_bould,0.002,RE_CCA
image_25.jpg,1825,2081,KE_sugar,kelp_sugar,224,,,,,,,,,,
image_25.jpg,2204,2081,RE_branch,red_algae_branching,224,,,,,,,,,,
image_25.jpg,2582,2081,RE_branch,red_algae_branching,224,0.965,RE_branch,0.034,RE_bush,0.001,RE_leaf,0.000,SU_bould,0.000,SI
image_25.jpg,2961,2081,RE_branch,red_algae_branching,224,0.808,RE_branch,0.101,RE_bush,0.054,BR_sarg,0.035,SU_bould,0.001,KE_holdfas
image_25.jpg,3339,2081,RE_branch,red_algae_branching,224,,,,,,,,,,
image_25.jpg,3718,2081,RE_branch,red_algae_branching,224,,,,,,,,,,
image_25.jpg,312,2524,RE_branch,red_algae_branching,224,0.943,RE_branch,0.025,RE_fil,0.013,KE_holdfas,0.007,RE_bush,0.006,RE_leaf
image_25.jpg,690,2524,RE_leaf,red_algae_flat_leaf,224,,,,,,,,,,
image_25.jpg,1068,2524,RE_leaf,red_algae_flat_leaf,224,0.937,RE_leaf,0.032,RE_branch,0.026,RE_fil,0.003,RE_CCA,0.002,SI
image_25.jpg,1447,2524,SU_bould,boulder,224,,,,,,,,,,
image_25.jpg,1825,2524,RE_fil,red_algae_filamentous,224,,,,,,,,,,
image_25.jpg,2204,2524,RE_fil,red_algae_filamentous,224,,,,,,,,,,
image_25.jpg,2582,2524,SU_bould,boulder,224,,,,,,,,,,
image_25.jpg,2961,2524,RE_branch,red_algae_branching,224,,,,,,,,,,
image_25.jpg,3339,2524,RE_branch,red_algae_branching,224,0.894,RE_branch,0.080,RE_bush,0.025,MS,0.001,SI,0.000,SU_bould
image_25.jpg,3718,2524,GR_ulva,green_algae_ulva,224,1.000,GR_ulva,0.000,SU_peb,0.000,SU_cob,0.000,KE_bull,0.000,MS
image_25.jpg,312,2966,RE_leaf,red_algae_flat_leaf,224,0.970,RE_leaf,0.016,RE_fil,0.007,MS,0.006,RE_CCA,0.000,SU_bould
image_25.jpg,690,2966,RE_leaf,red_algae_flat_leaf,224,,,,,,,,,,
image_25.jpg,1068,2966,RE_leaf,red_algae_flat_leaf,224,0.999,RE_leaf,0.000,SI_kelpBry,0.000,RE_CCA,0.000,MS,0.000,SU_cob
image_25.jpg,1447,2966,SU_bould,boulder,224,0.738,SU_bould,0.218,SU_cob,0.013,KE_holdfas,0.011,SU_peb,0.007,RE_CCA
image_25.jpg,1825,2966,SU_bould,boulder,224,,,,,,,,,,
image_25.jpg,2204,2966,SU_sand,sand_fine_shell,224,1.000,SU_sand,0.000,SU_silt,0.000,SU_peb,0.000,SU_shell,0.000,RE_CCA
image_25.jpg,2582,2966,SU_sand,sand_fine_shell,224,,,,,,,,,,
image_25.jpg,2961,2966,RE_fil,red_algae_filamentous,224,,,,,,,,,,
image_25.jpg,3339,2966,RE_leaf,red_algae_flat_leaf,224,0.814,RE_leaf,0.070,SU_bould,0.066,SU_cob,0.036,RE_branch,0.007,MS
image_25.jpg,3718,2966,RE_leaf,red_algae_flat_leaf,224,0.909,RE_leaf,0.032,RE_CCA,0.022,RE_fil,0.013,MS,0.012,SU_cob
image_25.jpg,312,3409,RE_leaf,red_algae_flat_leaf,224,,,,,,,,,,
image_25.jpg,690,3409,RE_leaf,red_algae_flat_leaf,224,,,,,,,,,,
image_25.jpg,1068,3409,RE_branch,red_algae_branching,224,,,,,,,,,,
image_25.jpg,1447,3409,RE_leaf,red_algae_flat_leaf,224,0.967,RE_leaf,0.029,RE_branch,0.003,MS,0.001,SU_cob,0.000,SU_bould
image_25.jpg,1825,3409,RE_fil,red_algae_filamentous,224,0.527,RE_fil,0.231,SU_bould,0.199,SU_cob,0.037,SU_peb,0.006,RE_bush
image_25.jpg,2204,3409,SU_sand,sand_fine_shell,224,1.000,SU_sand,0.000,SU_silt,0.000,SU_peb,0.000,SI_kelpBry,0.000,SU_shell
image_25.jpg,2582,3409,SU_sand,sand_fine_shell,224,0.831,SU_sand,0.080,SU_silt,0.078,SU_shell,0.010,SU_cob,0.001,SU_bould
image_25.jpg,2961,3409,SU_sand,sand_fine_shell,224,0.725,SU_sand,0.190,SU_peb,0.075,SU_silt,0.004,MS,0.002,RE_branch
image_25.jpg,3339,3409,GR_ulva,green_algae_ulva,224,1.000,GR_ulva,0.000,BR_sarg,0.000,MS,0.000,BR_fucus,0.000,KE_bull
image_25.jpg,3718,3409,SU_peb,pebble,224,0.955,SU_peb,0.038,SU_silt,0.004,SU_sand,0.001,MS,0.000,SU_shell
image_25.jpg,312,3851,SU_peb,pebble,224,,,,,,,,,,
image_25.jpg,690,3851,RE_branch,red_algae_branching,224,0.745,RE_branch,0.188,MS,0.048,RE_leaf,0.011,SU_peb,0.005,SU_bould
image_25.jpg,1068,3851,RE_branch,red_algae_branching,224,0.720,RE_branch,0.158,SU_bould,0.059,RE_CCA,0.027,RE_leaf,0.017,RE_fil
image_25.jpg,1447,3851,RE_fil,red_algae_filamentous,224,,,,,,,,,,
image_25.jpg,1825,3851,RE_fil,red_algae_filamentous,224,,,,,,,,,,
image_25.jpg,2204,3851,RE_fil,red_algae_filamentous,224,,,,,,,,,,
image_25.jpg,2582,3851,RE_leaf,red_algae_flat_leaf,224,0.725,RE_leaf,0.128,SU_cob,0.058,RE_fil,0.036,RE_branch,0.029,RE_CCA
image_25.jpg,2961,3851,RE_branch,red_algae_branching,224,0.851,RE_branch,0.133,RE_leaf,0.008,RE_CCA,0.006,SU_bould,0.001,RE_fil
image_25.jpg,3339,3851,RE_fil,red_algae_filamentous,224,,,,,,,,,,
image_25.jpg,3718,3851,RE_leaf,red_algae_flat_leaf,224,,,,,,,,,,
image_25.jpg,312,4294,RE_leaf,red_algae_flat_leaf,224,1.000,RE_leaf,0.000,MS,0.000,RE_fil,0.000,RE_branch,0.000,BR_sarg
image_25.jpg,690,4294,RE_fil,red_algae_filamentous,224,,,,,,,,,,
image_25.jpg,1068,4294,RE_fil,red_algae_filamentous,224,,,,,,,,,,
image_25.jpg,1447,4294,SU_bould,boulder,224,,,,,,,,,,
image_25.jpg,1825,4294,RE_leaf,red_algae_flat_leaf,224,0.979,RE_leaf,0.017,SU_cob,0.002,SU_peb,0.001,KE_stipe,0.000,RE_branch
image_25.jpg,2204,4294,SU_bould,boulder,224,,,,,,,,,,
image_25.jpg,2582,4294,SU_bould,boulder,224,0.452,SU_bould,0.369,RE_branch,0.053,RE_leaf,0.052,RE_fil,0.039,SU_cob
image_25.jpg,2961,4294,RE_CCA,red_algae_encrusting_CCA,224,,,,,,,,,,
image_25.jpg,3339,4294,RE_branch,red_algae_branching,224,0.893,RE_branch,0.072,RE_leaf,0.023,SU_bould,0.008,SU_peb,0.001,RE_CCA
image_25.jpg,3718,4294,RE_branch,red_algae_branching,224,0.394,RE_branch,0.247,RE_leaf,0.164,MS,0.139,SU_bould,0.023,SU_cob
